1	0	0	10
2	1	6	16
3	1	2	15
4	1	4	7
5	1	2	20
6	0	5	9
7	1	3	1
8	1	2	12
9	1	2	17
10	0	3	1
11	0	2	1
12	1	2	12
13	1	4	1
14	1	3	0
15	1	2	7
16	0	3	0
17	1	5	1
18	0	1	3
19	1	0	10
20	1	2	14
21	1	1	16
22	1	1	15
23	1	3	0
24	0	2	7
25	1	1	4
26	1	2	7
27	1	2	11
28	0	2	1
29	1	3	7
30	0	3	7
31	1	6	7
32	0	2	0
33	1	4	3
34	0	1	0
35	1	4	1
36	1	2	3
37	0	2	9
38	0	1	4
39	1	1	4
40	1	4	0
41	0	1	4
42	1	2	8
43	1	2	12
44	1	4	17
45	0	4	16
46	1	1	19
47	1	1	4
48	1	2	4
49	1	1	12
50	0	2	2
51	0	0	10
52	1	1	4
53	1	2	0
54	1	5	1
55	0	3	12
56	1	3	20
57	1	1	19
58	1	2	2
59	0	5	1
60	1	5	1
61	1	2	17
62	0	3	3
63	1	1	4
64	1	1	1
65	1	3	12
66	1	2	18
67	0	5	5
68	1	1	4
69	0	2	1
70	1	1	4
71	1	2	14
72	0	4	0
73	1	1	4
74	1	3	14
75	0	0	10
76	1	3	7
77	1	1	4
78	0	4	1
79	0	4	0
80	1	6	1
81	0	2	0
82	1	2	17
83	0	2	2
84	1	1	4
85	1	1	4
86	0	0	10
87	1	2	14
88	0	4	1
89	0	6	9
90	1	6	13
91	1	3	7
92	0	1	4
93	1	2	17
94	1	2	17
95	1	4	0
96	0	2	16
97	0	3	3
98	0	3	7
99	0	0	10
100	1	3	17
101	0	1	3
102	1	3	19
103	1	4	7
104	1	2	12
105	1	4	12
106	0	3	11
107	1	4	18
108	1	2	12
109	1	4	15
110	1	2	2
111	1	3	15
112	1	2	16
113	1	1	12
114	0	2	2
115	1	2	17
116	1	2	17
117	1	2	17
118	1	3	17
119	0	0	10
120	1	2	11
121	1	3	7
122	0	1	4
123	1	3	9
124	1	6	7
125	1	4	14
126	1	1	9
127	0	4	3
128	1	6	6
129	1	2	11
130	1	3	17
131	1	1	4
132	1	2	17
133	0	2	0
134	1	2	0
135	1	1	4
136	1	1	2
137	0	4	6
138	1	1	20
139	0	2	20
140	0	3	1
141	1	3	13
142	1	2	7
143	1	1	3
144	1	2	17
145	1	1	4
146	0	3	20
147	1	1	4
148	1	5	17
149	1	2	1
150	1	3	7
151	0	2	20
152	1	1	4
153	1	0	10
154	1	5	20
155	1	3	12
156	0	4	7
157	1	3	16
158	1	6	7
159	0	4	0
160	1	3	7
161	1	4	16
162	0	1	4
163	1	1	4
164	0	6	13
165	1	1	16
166	1	1	4
167	0	2	11
168	0	5	0
169	1	2	7
170	1	2	11
171	0	5	17
172	1	2	3
173	1	2	0
174	1	2	16
175	0	2	2
176	0	1	3
177	1	5	1
178	1	6	17
179	1	2	0
180	1	4	12
181	1	1	17
182	1	1	4
183	0	4	1
184	0	2	0
185	1	4	0
186	1	1	5
187	0	4	1
188	1	6	16
189	1	1	0
190	1	2	17
191	1	1	4
192	1	1	1
193	0	4	15
194	0	0	10
195	1	2	12
196	0	3	9
197	1	1	14
198	1	2	12
199	1	1	4
200	0	1	4
201	0	3	2
202	1	1	4
203	0	1	4
204	1	2	7
205	1	3	12
206	1	2	17
207	1	2	12
208	1	3	17
209	1	3	1
210	0	0	10
211	1	4	17
212	1	2	16
213	0	1	4
214	1	1	20
215	1	3	14
216	1	4	13
217	1	1	4
218	1	3	14
219	0	2	4
220	1	2	12
221	0	2	0
222	1	2	1
223	1	2	17
224	0	1	4
225	1	2	7
226	1	3	1
227	1	3	20
228	1	2	15
229	1	1	10
230	1	4	1
231	1	2	3
232	1	2	20
233	0	4	20
234	1	3	7
235	1	2	0
236	1	2	5
237	1	2	6
238	0	5	7
239	1	1	19
240	1	5	17
241	1	3	20
242	0	1	4
243	1	2	16
244	1	5	7
245	1	3	16
246	0	1	4
247	1	2	17
248	1	1	17
249	0	1	14
250	1	3	16
251	1	6	17
252	1	2	12
253	0	2	11
254	1	3	17
255	1	3	0
256	1	4	16
257	1	1	18
258	1	2	7
259	1	2	1
260	1	1	19
261	1	2	20
262	0	2	1
263	0	2	7
264	1	3	0
265	0	3	7
266	1	3	11
267	1	4	12
268	0	1	12
269	1	2	2
270	1	5	14
271	1	1	4
272	1	1	0
273	1	1	4
274	1	1	4
275	1	2	0
276	1	4	16
277	0	3	1
278	1	4	18
279	1	2	14
280	1	5	7
281	0	3	0
282	1	2	17
283	1	2	0
284	1	2	12
285	0	3	0
286	1	2	1
287	1	5	13
288	0	2	12
289	0	2	0
290	0	2	20
291	1	3	12
292	1	3	7
293	1	6	1
294	0	4	9
295	1	1	0
296	1	5	5
297	1	1	2
298	0	1	4
299	1	2	12
300	1	2	7
301	1	1	4
302	1	1	4
303	1	2	7
304	1	2	0
305	0	1	0
306	1	1	0
307	1	5	16
308	1	2	2
309	1	2	4
310	0	1	4
311	1	1	4
312	0	5	2
313	0	1	4
314	0	6	9
315	0	6	1
316	1	6	13
317	1	3	7
318	0	6	13
319	0	5	6
320	1	3	6
321	1	1	4
322	1	6	17
323	1	4	12
324	1	3	17
325	0	5	3
326	1	5	11
327	1	3	18
328	1	3	12
329	1	3	7
330	1	6	7
331	1	2	7
332	1	5	1
333	1	3	2
334	0	6	2
335	1	3	18
336	1	1	0
337	1	1	19
338	1	3	7
339	1	5	7
340	0	2	3
341	0	6	13
342	1	1	12
343	0	3	3
344	1	3	14
345	1	2	12
346	0	2	0
347	0	6	1
348	1	5	7
349	1	0	10
350	1	4	20
351	1	1	4
352	1	1	4
353	0	3	7
354	1	3	1
355	1	1	3
356	1	6	20
357	1	1	0
358	0	6	1
359	1	2	17
360	1	3	17
361	0	2	14
362	1	3	20
363	1	1	10
364	0	3	1
365	0	1	4
366	1	5	15
367	1	5	12
368	1	2	0
369	1	3	1
370	1	1	17
371	1	1	4
372	0	1	4
373	0	2	2
374	0	3	14
375	1	2	2
376	1	3	1
377	1	2	17
378	0	1	0
379	0	3	1
380	1	2	2
381	1	3	17
382	0	3	20
383	0	2	7
384	1	2	11
385	1	2	6
386	1	2	0
387	0	3	7
388	0	2	0
389	1	2	6
390	1	2	4
391	1	4	11
392	1	1	7
393	1	3	17
394	1	1	0
395	1	1	5
396	1	2	1
397	1	3	17
398	1	2	17
399	0	3	6
400	0	1	3
401	1	1	0
402	1	2	11
403	1	1	4
404	1	1	4
405	1	6	1
406	1	2	20
407	1	1	17
408	1	2	11
409	1	1	12
410	0	2	1
411	0	4	1
412	1	3	15
413	1	2	11
414	1	2	0
415	0	3	0
416	1	4	14
417	0	2	0
418	0	2	3
419	1	1	3
420	1	3	1
421	0	4	3
422	1	6	17
423	1	1	4
424	1	2	17
425	1	2	12
426	1	1	4
427	1	3	12
428	0	1	4
429	1	1	0
430	0	1	10
431	1	1	10
432	1	4	16
433	1	5	6
434	0	4	3
435	1	2	7
436	1	1	4
437	1	3	17
438	1	1	11
439	1	3	14
440	1	6	1
441	1	3	1
442	1	2	1
443	1	2	3
444	1	6	0
445	1	4	12
446	0	5	0
447	0	4	11
448	1	2	17
449	1	2	7
450	1	4	1
451	1	6	13
452	1	5	17
453	1	1	4
454	1	2	20
455	0	3	2
456	1	3	0
457	1	1	4
458	1	5	16
459	0	1	4
460	1	4	18
461	1	5	7
462	1	1	16
463	1	2	7
464	0	1	4
465	1	1	19
466	1	2	5
467	0	3	3
468	0	0	10
469	1	3	6
470	0	0	10
471	1	3	7
472	1	3	0
473	0	1	4
474	1	2	17
475	0	2	2
476	1	3	0
477	1	3	14
478	1	5	16
479	1	2	12
480	0	1	4
481	1	4	7
482	1	2	14
483	1	1	12
484	0	0	10
485	1	6	7
486	1	6	0
487	0	3	17
488	1	2	12
489	1	1	4
490	1	0	10
491	1	1	4
492	1	2	12
493	1	5	7
494	0	3	0
495	1	1	10
496	1	1	4
497	0	2	17
498	1	3	17
499	0	2	1
500	0	1	2
501	1	2	2
502	1	3	6
503	1	3	11
504	1	2	2
505	1	3	17
506	1	2	16
507	0	2	0
508	1	2	12
509	1	2	2
510	1	1	12
511	0	4	4
512	1	3	0
513	1	2	0
514	1	2	2
515	1	2	1
516	0	6	14
517	0	2	14
518	0	3	12
519	0	3	14
520	0	3	20
521	1	6	7
522	1	2	12
523	1	5	7
524	1	1	0
525	1	3	6
526	1	4	17
527	0	2	2
528	0	1	17
529	1	3	12
530	1	2	2
531	0	1	14
532	1	2	7
533	1	2	12
534	1	2	15
535	1	3	6
536	1	2	20
537	1	4	14
538	1	6	16
539	1	2	2
540	1	1	1
541	0	1	4
542	1	1	4
543	1	2	5
544	1	3	12
545	1	3	17
546	0	2	0
547	1	3	12
548	0	3	16
549	1	2	6
550	1	4	8
551	1	3	20
552	1	5	18
553	1	2	2
554	1	2	12
555	1	1	4
556	0	2	9
557	1	6	1
558	1	3	20
559	0	2	7
560	1	4	15
561	0	1	14
562	1	3	20
563	1	2	4
564	1	4	1
565	1	2	16
566	1	2	17
567	1	3	20
568	0	5	17
569	0	1	4
570	1	2	4
571	1	5	5
572	1	1	4
573	0	3	2
574	1	2	19
575	1	2	12
576	0	4	15
577	1	3	0
578	1	1	17
579	1	2	5
580	1	0	10
581	1	5	14
582	1	1	4
583	0	2	0
584	0	2	0
585	1	1	1
586	1	3	14
587	1	2	20
588	0	2	11
589	1	1	2
590	0	3	6
591	1	2	0
592	1	1	0
593	0	5	1
594	0	6	13
595	1	2	7
596	0	2	1
597	1	3	12
598	1	3	7
599	1	5	6
600	1	3	17
601	0	1	20
602	0	6	6
603	0	2	6
604	1	4	17
605	0	1	4
606	0	0	10
607	1	2	0
608	1	1	4
609	1	2	7
610	1	2	4
611	1	3	0
612	1	5	7
613	1	3	20
614	1	3	1
615	1	5	17
616	1	2	7
617	0	2	7
618	1	2	0
619	0	1	1
620	1	1	0
621	1	1	4
622	1	2	0
623	1	2	17
624	1	2	1
625	0	3	12
626	1	1	4
627	1	5	2
628	0	3	0
629	0	0	10
630	0	3	14
631	1	3	17
632	1	4	17
633	1	2	17
634	0	0	10
635	1	6	17
636	1	1	20
637	1	3	12
638	1	2	6
639	1	4	17
640	1	1	4
641	0	3	0
642	0	3	1
643	1	2	2
644	1	2	20
645	1	3	20
646	1	3	7
647	1	3	12
648	0	2	12
649	1	2	4
650	1	2	17
651	1	3	7
652	1	1	20
653	1	6	13
654	1	5	7
655	0	2	2
656	0	4	16
657	0	5	13
658	0	2	0
659	0	2	0
660	1	4	16
661	1	4	1
662	1	1	4
663	0	2	7
664	1	3	18
665	1	1	2
666	0	1	0
667	1	2	18
668	0	2	3
669	1	2	17
670	1	2	12
671	1	1	4
672	1	3	7
673	1	2	20
674	1	2	17
675	1	2	20
676	1	1	16
677	1	5	2
678	1	2	0
679	1	3	16
680	1	2	12
681	1	3	7
682	1	2	4
683	1	2	4
684	1	2	4
685	1	2	4
686	1	1	4
687	0	2	7
688	1	6	13
689	0	5	0
690	1	2	12
691	1	3	11
692	0	2	0
693	1	3	12
694	1	1	4
695	0	1	1
696	1	2	12
697	0	5	6
698	1	1	4
699	1	1	0
700	1	5	17
701	0	1	4
702	1	3	7
703	0	6	1
704	0	3	8
705	1	2	4
706	1	3	20
707	1	3	7
708	1	2	0
709	1	1	0
710	1	2	20
711	1	2	18
712	1	2	0
713	1	3	7
714	1	1	4
715	1	1	0
716	1	1	4
717	1	2	11
718	1	1	2
719	1	0	0
720	1	1	0
721	0	3	9
722	1	2	12
723	1	2	12
724	1	5	13
725	1	6	11
726	0	2	9
727	1	3	11
728	1	2	6
729	1	3	12
730	1	2	0
731	1	4	3
732	1	2	7
733	1	3	16
734	1	2	7
735	1	2	14
736	1	1	12
737	1	0	19
738	1	1	17
739	1	3	12
740	1	2	14
741	1	2	5
742	1	1	0
743	0	0	2
744	1	2	17
745	1	0	10
746	0	1	19
747	1	1	4
748	1	2	0
749	1	3	18
750	0	3	9
751	0	2	17
752	0	2	3
753	1	0	10
754	1	3	7
755	0	3	0
756	1	3	0
757	1	2	12
758	1	3	7
759	0	6	3
760	1	6	15
761	1	1	7
762	1	0	10
763	1	1	10
764	1	1	20
765	1	2	17
766	0	2	7
767	1	2	12
768	1	2	12
769	1	4	17
770	1	1	4
771	0	5	1
772	1	1	12
773	1	2	6
774	1	1	4
775	1	0	17
776	0	2	3
777	1	1	19
778	1	1	17
779	1	2	0
780	1	2	17
781	1	1	4
782	1	6	1
783	1	2	4
784	1	1	0
785	1	1	19
786	1	2	0
787	1	1	4
788	1	2	0
789	1	1	1
790	1	2	17
791	1	3	7
792	1	2	17
793	0	3	14
794	1	5	20
795	0	3	14
796	1	5	6
797	0	5	7
798	0	2	20
799	0	2	5
800	0	3	12
801	0	2	20
802	1	2	16
803	1	1	4
804	1	2	20
805	1	3	12
806	1	3	0
807	1	1	4
808	1	2	7
809	1	2	17
810	1	2	12
811	1	5	0
812	1	2	6
813	1	1	4
814	0	1	4
815	1	2	4
816	1	4	0
817	1	1	4
818	1	1	4
819	1	3	7
820	1	3	7
821	1	1	2
822	0	2	1
823	1	2	0
824	1	3	12
825	1	6	1
826	0	3	1
827	1	4	2
828	1	1	4
829	1	0	19
830	1	3	7
831	0	4	0
832	1	1	2
833	1	3	7
834	0	3	12
835	1	6	0
836	1	2	11
837	1	6	7
838	1	5	17
839	1	2	0
840	0	2	3
841	0	5	14
842	0	1	0
843	1	2	7
844	1	2	0
845	0	1	0
846	1	2	5
847	0	2	7
848	1	2	15
849	1	2	3
850	1	3	0
851	1	1	4
852	1	2	5
853	1	2	17
854	0	2	16
855	0	1	2
856	0	4	6
857	1	3	17
858	1	3	14
859	1	2	12
860	1	1	0
861	1	2	7
862	1	3	7
863	1	2	7
864	0	2	0
865	1	3	1
866	1	0	10
867	1	4	12
868	1	5	17
869	1	1	20
870	0	2	1
871	1	0	10
872	1	5	1
873	1	6	6
874	1	4	15
875	1	0	10
876	1	2	4
877	1	2	0
878	1	1	2
879	1	4	16
880	1	3	17
881	1	1	14
882	1	1	2
883	0	3	14
884	1	0	10
885	1	3	0
886	0	6	0
887	0	6	16
888	0	0	10
889	1	4	20
890	1	1	4
891	1	2	1
892	1	3	0
893	0	5	6
894	1	1	4
895	1	5	1
896	1	1	15
897	1	2	6
898	1	2	7
899	0	2	1
900	0	6	13
901	0	6	0
902	1	6	0
903	1	6	13
904	1	3	20
905	0	4	12
906	1	0	10
907	0	4	6
908	0	5	1
909	1	4	7
910	0	5	0
911	1	5	0
912	0	3	2
913	1	2	0
914	0	3	9
915	1	2	7
916	0	2	1
917	1	5	6
918	0	4	1
919	0	3	1
920	1	1	4
921	1	2	17
922	1	6	16
923	1	2	7
924	1	5	17
925	0	3	3
926	1	0	10
927	0	2	20
928	0	6	16
929	1	2	15
930	1	2	5
931	0	6	1
932	0	3	6
933	1	4	1
934	0	3	7
935	1	3	14
936	1	1	4
937	1	2	15
938	0	2	1
939	0	2	20
940	1	0	10
941	1	1	20
942	0	5	6
943	0	4	12
944	1	3	0
945	1	4	7
946	1	3	7
947	1	1	0
948	1	6	12
949	1	5	17
950	1	3	7
951	1	4	2
952	1	6	16
953	1	5	20
954	0	2	0
955	0	5	7
956	1	3	1
957	1	3	1
958	1	3	2
959	1	5	11
960	1	0	10
961	1	1	10
962	0	2	1
963	1	2	0
964	1	2	7
965	1	6	7
966	1	6	2
967	0	1	0
968	1	5	12
969	0	2	11
970	1	2	0
971	1	2	12
972	1	4	1
973	0	2	1
974	1	3	19
975	1	3	0
976	1	3	14
977	1	2	2
978	1	1	0
979	1	0	10
980	1	2	6
981	1	2	20
982	0	2	9
983	0	2	16
984	1	5	16
985	1	2	4
986	0	6	0
987	0	3	17
988	1	5	11
989	1	5	0
990	1	1	6
991	0	2	9
992	0	3	3
993	1	2	0
994	1	1	2
995	0	1	4
996	1	2	17
997	1	0	19
998	1	4	20
999	1	2	15
1000	0	2	6
1001	1	2	4
1002	1	5	11
1003	1	2	2
1004	1	2	3
1005	1	3	11
1006	1	1	4
1007	1	5	12
1008	1	3	3
1009	1	5	7
1010	1	2	0
1011	1	2	8
1012	0	3	1
1013	1	6	13
1014	0	4	17
1015	1	3	3
1016	1	6	16
1017	1	3	0
1018	1	1	4
1019	1	3	1
1020	1	1	20
1021	1	3	0
1022	1	2	3
1023	1	6	13
1024	0	3	1
1025	1	2	16
1026	0	4	0
1027	1	1	4
1028	0	4	7
1029	1	2	0
1030	1	2	7
1031	1	3	16
1032	1	5	16
1033	1	2	5
1034	0	3	1
1035	1	1	2
1036	1	3	7
1037	1	4	7
1038	0	6	15
1039	0	3	1
1040	1	2	11
1041	1	4	2
1042	1	3	5
1043	0	5	11
1044	1	2	20
1045	0	0	10
1046	1	6	18
1047	1	1	0
1048	1	3	6
1049	1	4	14
1050	1	2	1
1051	0	2	0
1052	0	3	2
1053	1	3	0
1054	1	0	10
1055	1	3	0
1056	1	0	0
1057	1	4	17
1058	1	2	1
1059	0	2	0
1060	1	1	10
1061	1	4	0
1062	1	5	19
1063	1	3	7
1064	1	2	7
1065	0	2	0
1066	1	4	12
1067	1	3	12
1068	0	1	4
1069	1	2	20
1070	0	4	2
1071	1	5	16
1072	0	3	7
1073	0	2	6
1074	1	4	17
1075	0	2	6
1076	0	2	3
1077	1	2	3
1078	0	4	9
1079	1	2	7
1080	1	6	7
1081	1	1	4
1082	1	4	7
1083	1	6	0
1084	1	0	19
1085	1	2	7
1086	1	1	4
1087	1	2	16
1088	0	0	10
1089	1	3	6
1090	1	2	7
1091	1	1	5
1092	0	1	4
1093	1	5	14
1094	0	1	0
1095	0	6	6
1096	1	0	10
1097	1	1	17
1098	1	3	7
1099	1	2	17
1100	1	2	0
1101	1	3	1
1102	1	1	1
1103	0	4	7
1104	1	3	11
1105	1	3	6
1106	1	1	4
1107	0	5	1
1108	1	6	1
1109	1	1	10
1110	0	6	6
1111	0	5	16
1112	1	1	6
1113	1	1	4
1114	0	1	9
1115	0	2	1
1116	1	2	15
1117	1	1	14
1118	1	5	13
1119	1	3	1
1120	1	1	4
1121	1	6	7
1122	1	6	14
1123	1	5	0
1124	1	2	2
1125	0	1	4
1126	1	6	16
1127	1	2	0
1128	1	2	1
1129	1	3	17
1130	1	1	7
1131	1	6	13
1132	1	1	12
1133	1	1	2
1134	1	1	20
1135	1	5	13
1136	0	3	7
1137	1	1	4
1138	1	1	12
1139	1	2	1
1140	0	4	2
1141	0	2	3
1142	1	1	1
1143	1	5	7
1144	1	2	7
1145	1	5	3
1146	0	1	16
1147	1	2	20
1148	1	3	17
1149	1	2	12
1150	0	2	20
1151	1	2	15
1152	1	1	4
1153	1	1	10
1154	0	0	10
1155	1	2	12
1156	0	5	2
1157	1	4	7
1158	0	3	1
1159	1	1	0
1160	1	1	14
1161	1	2	0
1162	0	3	0
1163	1	0	10
1164	0	2	19
1165	1	2	12
1166	1	6	6
1167	0	5	1
1168	0	2	0
1169	1	2	20
1170	1	6	3
1171	1	4	12
1172	0	2	0
1173	0	2	7
1174	0	1	16
1175	0	2	2
1176	1	6	1
1177	0	2	17
1178	1	6	0
1179	1	5	1
1180	0	5	20
1181	1	3	7
1182	1	0	10
1183	1	3	19
1184	0	2	4
1185	0	3	1
1186	1	1	19
1187	0	0	0
1188	1	4	7
1189	1	2	0
1190	1	4	0
1191	0	3	0
1192	1	5	16
1193	1	2	12
1194	0	2	1
1195	0	0	10
1196	0	1	14
1197	1	3	1
1198	1	0	10
1199	1	5	13
1200	1	0	0
1201	1	1	4
1202	1	3	12
1203	0	2	1
1204	1	2	7
1205	0	6	0
1206	0	5	7
1207	1	5	0
1208	1	2	0
1209	1	3	7
1210	1	2	17
1211	1	1	4
1212	0	5	1
1213	1	5	0
1214	1	6	13
1215	1	3	17
1216	1	2	2
1217	1	2	12
1218	1	6	15
1219	1	2	7
1220	1	0	10
1221	1	1	0
1222	1	3	0
1223	1	2	2
1224	1	5	13
1225	1	4	7
1226	1	1	20
1227	1	5	1
1228	1	2	1
1229	0	2	4
1230	1	2	11
1231	1	2	12
1232	0	1	4
1233	0	4	20
1234	1	1	4
1235	0	2	7
1236	0	2	1
1237	1	1	4
1238	0	3	20
1239	0	2	20
1240	0	1	14
1241	1	0	10
1242	0	3	0
1243	1	3	15
1244	1	2	4
1245	1	2	17
1246	1	1	4
1247	1	3	0
1248	0	3	20
1249	1	3	2
1250	1	5	0
1251	1	2	7
1252	1	6	13
1253	0	3	20
1254	0	1	1
1255	1	2	17
1256	1	2	20
1257	0	1	14
1258	1	4	7
1259	1	3	7
1260	1	2	17
1261	1	1	4
1262	1	2	4
1263	1	0	10
1264	1	2	1
1265	0	1	20
1266	1	2	4
1267	1	2	15
1268	1	5	2
1269	0	6	13
1270	1	2	6
1271	0	4	6
1272	1	1	20
1273	1	3	2
1274	1	4	7
1275	1	5	17
1276	1	3	17
1277	0	1	0
1278	1	1	4
1279	1	3	1
1280	1	0	10
1281	1	2	19
1282	1	5	1
1283	0	1	1
1284	1	4	16
1285	1	3	4
1286	1	3	17
1287	0	5	7
1288	0	3	19
1289	1	4	6
1290	1	3	0
1291	0	3	0
1292	1	2	7
1293	1	2	5
1294	0	5	20
1295	0	3	6
1296	1	0	0
1297	1	2	7
1298	1	3	6
1299	1	2	14
1300	1	0	10
1301	0	2	2
1302	1	1	4
1303	1	2	19
1304	1	2	14
1305	1	4	20
1306	1	2	3
1307	1	6	13
1308	1	0	10
1309	1	2	14
1310	1	4	0
1311	1	1	10
1312	1	2	14
1313	1	1	4
1314	0	1	4
1315	1	3	7
1316	1	5	2
1317	1	4	7
1318	1	1	16
1319	0	2	3
1320	1	2	4
1321	0	2	14
1322	1	6	0
1323	0	3	2
1324	1	3	16
1325	1	2	1
1326	0	2	0
1327	1	0	10
1328	1	3	14
1329	1	1	14
1330	1	6	1
1331	1	4	0
1332	1	2	7
1333	1	2	17
1334	1	5	7
1335	1	3	0
1336	0	5	20
1337	1	6	17
1338	1	2	0
1339	1	3	18
1340	1	2	7
1341	1	1	7
1342	1	3	0
1343	1	3	14
1344	0	2	9
1345	0	2	2
1346	1	3	20
1347	0	1	1
1348	0	0	10
1349	1	5	7
1350	0	3	0
1351	0	2	17
1352	1	3	20
1353	1	0	10
1354	0	2	2
1355	0	4	20
1356	0	1	4
1357	1	4	0
1358	1	3	17
1359	1	3	1
1360	1	2	20
1361	0	2	0
1362	1	3	12
1363	1	5	7
1364	0	4	2
1365	0	0	10
1366	1	0	10
1367	1	2	12
1368	0	2	3
1369	1	2	5
1370	1	3	2
1371	0	5	2
1372	1	0	10
1373	0	2	1
1374	1	5	1
1375	0	4	5
1376	0	4	1
1377	1	3	16
1378	0	4	7
1379	0	6	13
1380	1	0	10
1381	1	1	11
1382	0	4	1
1383	0	2	7
1384	1	1	10
1385	0	2	5
1386	0	2	0
1387	0	5	13
1388	1	6	20
1389	1	2	17
1390	1	3	16
1391	1	3	15
1392	1	4	3
1393	1	1	4
1394	0	2	3
1395	1	2	2
1396	0	2	12
1397	1	3	7
1398	0	6	16
1399	1	1	17
1400	1	2	7
1401	0	1	1
1402	1	1	4
1403	0	2	0
1404	1	5	16
1405	1	6	13
1406	1	2	4
1407	0	3	15
1408	1	2	0
1409	1	1	4
1410	1	5	7
1411	1	3	1
1412	1	2	17
1413	1	1	3
1414	1	1	4
1415	1	4	14
1416	1	2	14
1417	1	3	16
1418	1	1	4
1419	0	2	1
1420	1	1	4
1421	0	0	10
1422	1	3	17
1423	1	2	4
1424	1	3	0
1425	1	0	10
1426	1	1	14
1427	1	2	12
1428	0	4	11
1429	0	3	3
1430	1	1	4
1431	1	6	6
1432	1	3	1
1433	0	1	14
1434	0	0	10
1435	1	2	14
1436	0	5	6
1437	1	5	3
1438	1	1	2
1439	1	3	3
1440	1	3	12
1441	1	3	16
1442	1	1	2
1443	1	3	2
1444	0	2	4
1445	1	2	2
1446	1	3	12
1447	1	1	4
1448	0	2	3
1449	1	3	20
1450	1	1	4
1451	1	3	20
1452	0	6	13
1453	1	2	14
1454	1	1	4
1455	0	4	0
1456	1	2	2
1457	1	2	1
1458	1	0	0
1459	0	2	0
1460	0	1	4
1461	0	4	0
1462	1	3	16
1463	1	5	16
1464	1	3	12
1465	1	5	16
1466	1	1	4
1467	1	2	5
1468	1	0	14
1469	1	6	20
1470	1	1	4
1471	1	2	17
1472	1	2	7
1473	1	2	14
1474	1	2	4
1475	0	2	2
1476	0	1	0
1477	0	4	1
1478	1	0	10
1479	0	5	2
1480	1	2	20
1481	1	3	17
1482	1	2	7
1483	1	1	4
1484	1	2	12
1485	0	2	9
1486	1	2	16
1487	1	3	7
1488	1	2	7
1489	0	3	2
1490	1	5	7
1491	1	1	4
1492	1	2	12
1493	0	2	14
1494	1	2	17
1495	1	1	0
1496	1	2	17
1497	1	5	5
1498	1	1	4
1499	1	0	10
1500	1	2	17
1501	1	2	11
1502	1	1	4
1503	1	2	12
1504	1	1	19
1505	1	5	11
1506	1	2	7
1507	1	3	17
1508	0	0	10
1509	1	0	0
1510	0	2	1
1511	1	3	12
1512	1	2	20
1513	0	3	16
1514	1	1	4
1515	1	2	16
1516	0	2	12
1517	1	1	0
1518	1	2	2
1519	1	1	4
1520	1	2	17
1521	0	2	7
1522	1	3	20
1523	1	2	17
1524	1	1	4
1525	0	2	16
1526	1	6	17
1527	1	1	10
1528	1	2	15
1529	1	1	4
1530	1	2	4
1531	1	4	17
1532	1	1	14
1533	1	4	1
1534	1	5	12
1535	0	1	20
1536	0	3	3
1537	1	1	20
1538	1	2	3
1539	1	2	3
1540	1	4	0
1541	1	6	17
1542	1	1	17
1543	1	2	11
1544	1	2	12
1545	1	2	20
1546	1	2	4
1547	1	6	13
1548	1	3	1
1549	1	3	6
1550	1	1	4
1551	1	2	11
1552	1	4	20
1553	0	2	15
1554	0	3	12
1555	0	1	0
1556	1	1	4
1557	0	1	4
1558	1	1	6
1559	1	3	8
1560	0	2	3
1561	0	1	4
1562	1	1	20
1563	0	0	10
1564	1	5	1
1565	1	4	17
1566	1	3	16
1567	1	2	12
1568	0	0	10
1569	0	6	13
1570	1	1	17
1571	1	2	20
1572	0	2	3
1573	1	0	0
1574	1	2	6
1575	0	5	7
1576	0	4	9
1577	1	6	0
1578	1	1	4
1579	1	2	0
1580	0	1	4
1581	0	1	4
1582	1	1	0
1583	1	3	6
1584	1	2	19
1585	1	6	20
1586	1	4	7
1587	0	2	3
1588	1	2	11
1589	1	2	0
1590	1	3	1
1591	1	5	7
1592	1	3	7
1593	1	2	16
1594	0	3	20
1595	1	3	1
1596	0	1	5
1597	1	2	12
1598	1	3	13
1599	1	2	0
1600	1	3	7
1601	1	2	12
1602	0	2	7
1603	0	2	0
1604	1	2	11
1605	0	1	0
1606	0	3	3
1607	1	4	1
1608	1	2	11
1609	0	3	9
1610	1	2	11
1611	1	2	0
1612	1	2	17
1613	1	1	20
1614	1	3	0
1615	0	4	7
1616	1	2	0
1617	1	2	12
1618	1	5	0
1619	1	5	3
1620	1	2	20
1621	1	2	4
1622	1	1	4
1623	1	5	15
1624	1	2	0
1625	1	4	0
1626	1	1	4
1627	1	1	17
1628	1	1	20
1629	1	1	4
1630	1	4	17
1631	0	5	0
1632	1	2	16
1633	0	4	7
1634	0	6	0
1635	1	2	0
1636	0	2	19
1637	1	6	0
1638	0	1	17
1639	1	2	17
1640	1	3	17
1641	1	2	0
1642	1	5	13
1643	1	4	2
1644	1	1	12
1645	0	1	9
1646	1	2	20
1647	1	1	18
1648	1	5	14
1649	1	1	19
1650	1	2	19
1651	1	2	12
1652	1	2	16
1653	1	1	0
1654	0	4	0
1655	1	1	4
1656	1	2	17
1657	0	4	0
1658	0	3	6
1659	0	1	9
1660	0	2	2
1661	1	3	7
1662	1	2	12
1663	1	1	4
1664	0	1	4
1665	1	4	17
1666	1	2	14
1667	1	5	16
1668	1	3	2
1669	0	2	17
1670	0	6	13
1671	1	3	0
1672	1	2	17
1673	1	0	10
1674	1	3	2
1675	0	2	6
1676	1	1	4
1677	1	1	14
1678	0	1	17
1679	1	2	12
1680	1	2	20
1681	1	1	4
1682	1	2	2
1683	0	2	7
1684	1	1	3
1685	1	3	12
1686	1	3	12
1687	1	2	3
1688	0	1	4
1689	1	3	5
1690	1	3	16
1691	0	2	17
1692	1	3	20
1693	1	2	12
1694	1	2	12
1695	1	2	1
1696	1	3	7
1697	0	1	4
1698	1	3	2
1699	0	2	19
1700	1	2	20
1701	0	2	4
1702	1	1	10
1703	1	1	15
1704	1	2	4
1705	0	1	4
1706	1	2	20
1707	1	5	1
1708	1	2	0
1709	1	2	0
1710	1	1	0
1711	0	1	4
1712	1	2	0
1713	1	2	0
1714	1	2	17
1715	1	2	16
1716	1	2	0
1717	0	5	6
1718	1	1	4
1719	1	1	16
1720	1	1	4
1721	1	1	19
1722	1	3	0
1723	1	3	17
1724	1	1	4
1725	1	1	19
1726	1	2	2
1727	1	3	16
1728	1	1	4
1729	1	2	7
1730	0	1	4
1731	0	1	0
1732	1	1	4
1733	1	1	14
1734	1	4	17
1735	1	1	20
1736	1	6	8
1737	1	3	20
1738	1	3	16
1739	1	6	16
1740	1	6	1
1741	1	3	7
1742	1	2	15
1743	1	3	17
1744	1	3	12
1745	1	4	0
1746	1	2	4
1747	1	2	0
1748	1	5	1
1749	1	2	2
1750	1	5	5
1751	1	3	20
1752	1	2	3
1753	1	3	6
1754	1	1	19
1755	0	1	4
1756	0	2	1
1757	1	2	4
1758	0	2	0
1759	1	2	16
1760	0	2	3
1761	1	3	0
1762	1	2	14
1763	1	3	7
1764	1	1	0
1765	1	1	4
1766	0	4	0
1767	1	2	20
1768	1	4	16
1769	1	2	17
1770	1	3	16
1771	1	2	17
1772	1	6	2
1773	1	1	4
1774	1	2	17
1775	1	2	4
1776	1	2	0
1777	1	2	20
1778	1	1	4
1779	1	1	1
1780	1	3	1
1781	0	3	0
1782	1	4	0
1783	1	1	4
1784	1	1	20
1785	1	1	4
1786	1	4	1
1787	1	1	8
1788	1	4	2
1789	1	0	10
1790	1	2	0
1791	1	1	4
1792	0	2	2
1793	1	2	4
1794	1	2	11
1795	1	1	17
1796	1	5	11
1797	1	3	7
1798	1	4	11
1799	1	3	11
1800	1	1	4
1801	0	2	6
1802	1	1	4
1803	1	2	2
1804	1	2	7
1805	1	1	4
1806	1	1	4
1807	1	1	17
1808	0	1	4
1809	0	2	14
1810	1	5	13
1811	1	6	2
1812	0	2	12
1813	0	3	6
1814	1	5	7
1815	1	0	1
1816	0	3	9
1817	1	3	1
1818	1	0	8
1819	0	3	12
1820	1	2	20
1821	1	2	20
1822	0	2	0
1823	0	3	1
1824	0	1	4
1825	1	2	7
1826	1	4	11
1827	0	2	1
1828	1	1	4
1829	1	2	16
1830	1	1	4
1831	1	1	4
1832	0	1	4
1833	1	1	17
1834	1	3	5
1835	1	2	19
1836	1	2	0
1837	1	2	2
1838	1	3	7
1839	1	1	4
1840	1	2	12
1841	1	1	0
1842	1	1	4
1843	1	2	12
1844	0	1	4
1845	1	2	2
1846	1	4	12
1847	1	1	4
1848	1	3	5
1849	1	3	7
1850	1	1	5
1851	1	2	19
1852	1	2	12
1853	1	5	0
1854	1	2	0
1855	1	1	4
1856	1	6	7
1857	1	0	10
1858	0	1	4
1859	0	2	4
1860	1	6	16
1861	1	5	16
1862	1	5	14
1863	1	1	4
1864	1	3	7
1865	0	1	1
1866	1	2	7
1867	1	5	7
1868	1	5	11
1869	1	4	14
1870	1	6	13
1871	0	4	1
1872	1	5	20
1873	1	3	7
1874	1	4	7
1875	1	3	12
1876	1	2	12
1877	0	4	20
1878	1	0	10
1879	1	2	4
1880	1	3	0
1881	1	3	2
1882	1	3	16
1883	0	5	0
1884	1	4	20
1885	1	5	17
1886	1	2	12
1887	1	6	15
1888	1	3	12
1889	1	1	14
1890	1	5	6
1891	1	4	1
1892	1	2	20
1893	0	3	0
1894	0	3	7
1895	1	3	14
1896	1	6	13
1897	0	5	2
1898	1	2	12
1899	0	4	6
1900	1	6	12
1901	1	5	7
1902	1	2	19
1903	1	3	0
1904	1	1	1
1905	0	3	20
1906	0	2	5
1907	1	3	17
1908	1	6	13
1909	1	1	4
1910	1	0	10
1911	0	1	4
1912	1	2	4
1913	1	2	17
1914	0	3	14
1915	1	5	13
1916	1	4	7
1917	1	1	10
1918	0	4	6
1919	1	0	0
1920	0	3	7
1921	1	6	12
1922	0	2	7
1923	1	3	7
1924	0	6	6
1925	1	5	7
1926	0	0	0
1927	1	3	7
1928	1	0	10
1929	0	0	10
1930	1	2	15
1931	1	2	2
1932	1	2	7
1933	1	1	19
1934	1	2	17
1935	1	0	10
1936	1	3	0
1937	1	2	11
1938	0	2	2
1939	0	3	2
1940	1	2	12
1941	1	3	17
1942	1	3	5
1943	1	1	4
1944	0	1	4
1945	1	2	20
1946	1	2	14
1947	1	2	7
1948	1	0	10
1949	1	1	17
1950	1	2	12
1951	0	1	4
1952	1	3	1
1953	0	2	2
1954	1	2	16
1955	1	0	19
1956	1	3	0
1957	0	1	4
1958	0	2	1
1959	0	5	13
1960	1	4	7
1961	0	5	3
1962	0	1	1
1963	0	5	9
1964	0	2	6
1965	1	6	17
1966	1	2	20
1967	1	5	7
1968	1	2	11
1969	0	2	3
1970	1	5	13
1971	0	2	14
1972	1	4	17
1973	1	2	1
1974	1	3	17
1975	1	1	4
1976	1	3	5
1977	1	6	6
1978	1	0	10
1979	1	6	17
1980	1	3	7
1981	1	6	1
1982	1	0	10
1983	1	2	14
1984	1	1	10
1985	1	4	12
1986	1	5	13
1987	1	2	17
1988	0	2	1
1989	1	5	6
1990	1	2	7
1991	1	2	20
1992	1	1	4
1993	1	3	17
1994	1	3	2
1995	1	2	1
1996	1	3	0
1997	1	2	0
1998	0	5	9
1999	0	3	3
2000	1	1	4
2001	1	5	1
2002	0	6	13
2003	1	0	10
2004	1	4	19
2005	1	1	4
2006	1	3	0
2007	1	5	16
2008	1	2	3
2009	0	3	7
2010	1	1	4
2011	0	3	3
2012	1	2	4
2013	1	4	0
2014	1	1	4
2015	1	1	4
2016	0	6	2
2017	1	2	17
2018	1	3	16
2019	1	5	1
2020	1	2	7
2021	1	2	0
2022	1	2	7
2023	1	1	4
2024	1	0	19
2025	1	6	13
2026	1	5	16
2027	0	2	9
2028	1	4	6
2029	0	2	12
2030	1	2	4
2031	1	3	20
2032	1	5	14
2033	0	4	20
2034	0	4	2
2035	0	1	0
2036	0	2	14
2037	1	6	14
2038	0	4	1
2039	1	5	16
2040	0	2	7
2041	0	2	20
2042	1	0	10
2043	1	2	14
2044	0	4	0
2045	0	0	0
2046	1	3	1
2047	1	0	10
2048	1	5	6
2049	0	5	0
2050	0	3	3
2051	1	3	7
2052	1	0	10
2053	1	4	11
2054	1	2	12
2055	1	5	11
2056	1	2	4
2057	1	3	1
2058	0	6	1
2059	1	3	0
2060	1	0	1
2061	1	6	1
2062	1	1	4
2063	1	2	4
2064	1	3	1
2065	1	2	6
2066	0	2	6
2067	1	5	16
2068	0	3	12
2069	1	6	15
2070	0	3	6
2071	1	4	7
2072	0	5	12
2073	0	1	4
2074	1	1	4
2075	0	2	4
2076	1	1	4
2077	1	1	0
2078	1	1	4
2079	1	0	10
2080	1	2	11
2081	1	1	17
2082	1	0	19
2083	1	1	4
2084	1	1	4
2085	1	1	0
2086	1	3	14
2087	1	2	0
2088	1	5	7
2089	1	3	17
2090	1	3	17
2091	0	3	20
2092	1	6	1
2093	1	1	0
2094	1	3	2
2095	1	6	13
2096	0	2	17
2097	1	1	5
2098	1	3	20
2099	0	1	0
2100	0	2	0
2101	1	2	16
2102	1	2	11
2103	1	3	12
2104	1	4	15
2105	1	2	1
2106	0	1	20
2107	1	2	1
2108	1	0	10
2109	1	2	16
2110	1	5	11
2111	1	6	13
2112	0	4	12
2113	1	2	6
2114	1	1	18
2115	1	3	17
2116	1	1	4
2117	1	6	13
2118	1	2	14
2119	1	3	4
2120	1	0	0
2121	1	6	13
2122	1	3	12
2123	0	3	0
2124	1	2	0
2125	1	3	3
2126	1	6	14
2127	1	1	4
2128	0	4	1
2129	1	2	5
2130	1	4	0
2131	1	2	0
2132	1	6	14
2133	0	0	10
2134	1	1	10
2135	1	5	1
2136	1	3	18
2137	0	0	10
2138	0	1	4
2139	0	5	3
2140	1	4	14
2141	0	5	16
2142	0	4	14
2143	1	1	4
2144	1	1	0
2145	1	1	10
2146	1	1	2
2147	0	1	0
2148	0	1	0
2149	1	2	0
2150	0	1	4
2151	1	6	13
2152	1	1	4
2153	1	1	16
2154	1	2	12
2155	0	0	10
2156	1	1	19
2157	0	1	3
2158	1	2	12
2159	0	5	14
2160	0	1	19
2161	0	3	2
2162	0	0	10
2163	1	1	0
2164	1	3	0
2165	1	2	7
2166	1	0	10
2167	0	2	6
2168	1	0	10
2169	1	0	0
2170	0	5	16
2171	1	3	0
2172	1	1	20
2173	1	5	13
2174	1	5	12
2175	1	2	4
2176	1	0	19
2177	0	3	20
2178	1	4	14
2179	0	2	0
2180	1	2	12
2181	1	2	0
2182	0	2	4
2183	0	6	1
2184	1	1	4
2185	1	4	17
2186	1	1	5
2187	1	4	16
2188	0	1	19
2189	1	0	10
2190	0	2	15
2191	1	1	4
2192	0	2	0
2193	1	0	10
2194	1	2	17
2195	1	0	10
2196	1	2	12
2197	0	2	1
2198	0	3	9
2199	1	0	10
2200	1	3	1
2201	1	6	20
2202	0	0	10
2203	1	4	12
2204	1	6	3
2205	0	2	7
2206	1	4	7
2207	1	1	4
2208	1	2	0
2209	1	3	7
2210	1	4	17
2211	1	4	6
2212	1	1	4
2213	0	2	0
2214	0	2	1
2215	0	2	0
2216	0	2	20
2217	1	0	10
2218	1	3	17
2219	1	2	6
2220	0	5	3
2221	1	6	17
2222	0	4	1
2223	1	2	2
2224	1	2	12
2225	1	2	5
2226	0	2	7
2227	1	5	14
2228	1	2	12
2229	1	4	0
2230	0	4	1
2231	1	5	11
2232	1	2	14
2233	0	3	3
2234	1	6	1
2235	1	0	10
2236	1	0	10
2237	0	3	6
2238	0	2	4
2239	1	1	10
2240	1	4	12
2241	1	4	5
2242	1	1	4
2243	1	4	2
2244	1	0	10
2245	1	0	10
2246	1	2	0
2247	1	4	2
2248	0	3	12
2249	1	2	5
2250	1	1	19
2251	1	3	14
2252	0	1	1
2253	0	5	0
2254	1	3	5
2255	0	3	6
2256	0	4	15
2257	0	1	4
2258	0	1	4
2259	0	6	16
2260	0	2	20
2261	1	2	5
2262	1	4	17
2263	1	2	6
2264	0	4	7
2265	1	6	13
2266	0	5	2
2267	0	6	13
2268	0	3	1
2269	0	4	0
2270	1	1	1
2271	1	5	14
2272	1	2	0
2273	1	2	6
2274	1	1	2
2275	1	6	7
2276	1	6	13
2277	0	4	9
2278	1	5	17
2279	1	5	7
2280	1	6	6
2281	1	4	11
2282	1	5	2
2283	1	3	18
2284	1	2	20
2285	0	0	10
2286	1	3	17
2287	1	6	0
2288	1	0	10
2289	0	5	1
2290	1	2	0
2291	1	4	1
2292	1	5	15
2293	0	6	3
2294	1	6	13
2295	1	4	11
2296	0	2	6
2297	1	6	13
2298	1	3	17
2299	0	1	10
2300	1	6	13
2301	0	2	12
2302	1	5	12
2303	1	5	17
2304	1	4	12
2305	1	5	20
2306	0	1	4
2307	1	2	17
2308	0	4	16
2309	0	4	0
2310	1	4	12
2311	0	2	4
2312	1	4	0
2313	0	5	6
2314	0	2	1
2315	1	6	7
2316	1	3	0
2317	0	4	9
2318	1	6	7
2319	1	3	7
2320	0	5	1
2321	1	2	7
2322	0	6	13
2323	1	3	3
2324	1	3	17
2325	0	1	4
2326	1	1	4
2327	1	1	10
2328	1	6	7
2329	0	6	15
2330	1	4	7
2331	1	6	1
2332	1	6	14
2333	1	5	6
2334	0	6	7
2335	1	5	17
2336	1	3	18
2337	1	3	17
2338	1	4	17
2339	0	6	3
2340	1	3	2
2341	1	6	1
2342	1	3	3
2343	0	4	1
2344	1	2	12
2345	1	3	16
2346	0	0	10
2347	1	3	1
2348	1	5	12
2349	1	2	8
2350	1	1	4
2351	0	2	0
2352	1	5	13
2353	0	3	9
2354	1	3	11
2355	0	4	9
2356	0	5	16
2357	0	3	14
2358	0	6	6
2359	1	6	13
2360	1	5	6
2361	1	6	7
2362	1	2	14
2363	1	5	14
2364	0	6	9
2365	1	5	7
2366	0	4	16
2367	0	2	9
2368	0	6	13
2369	1	3	14
2370	1	5	1
2371	0	3	7
2372	0	4	7
2373	1	4	7
2374	1	2	14
2375	0	5	7
2376	1	2	1
2377	1	3	0
2378	1	2	3
2379	1	1	18
2380	1	2	4
2381	0	3	9
2382	1	5	13
2383	0	2	14
2384	1	3	17
2385	0	4	2
2386	0	2	0
2387	1	2	17
2388	1	6	5
2389	1	2	16
2390	0	2	6
2391	1	5	18
2392	0	6	3
2393	1	6	13
2394	1	3	6
2395	1	3	7
2396	0	1	0
2397	0	3	11
2398	1	2	0
2399	1	3	17
2400	0	2	16
2401	1	2	4
2402	1	4	17
2403	1	1	4
2404	1	1	7
2405	1	5	8
2406	0	6	12
2407	1	3	16
2408	0	4	1
2409	0	3	9
2410	1	6	7
2411	0	3	14
2412	1	6	13
2413	0	6	7
2414	1	2	1
2415	1	2	7
2416	1	4	7
2417	1	4	1
2418	0	0	10
2419	1	2	0
2420	1	5	7
2421	1	3	7
2422	0	5	9
2423	0	4	9
2424	1	2	17
2425	0	3	14
2426	1	6	0
2427	0	2	14
2428	1	4	17
2429	1	2	2
2430	1	2	4
2431	0	2	4
2432	1	2	4
2433	1	2	4
2434	1	2	4
2435	1	2	4
2436	1	2	7
2437	1	2	4
2438	1	3	1
2439	1	4	17
2440	1	5	17
2441	0	4	6
2442	1	3	17
2443	0	3	0
2444	0	4	4
2445	1	2	0
2446	1	1	7
2447	1	2	14
2448	1	3	6
2449	1	6	13
2450	1	4	16
2451	1	4	12
2452	1	4	7
2453	1	2	7
2454	1	1	0
2455	1	3	7
2456	1	2	5
2457	1	2	0
2458	1	2	7
2459	1	5	7
2460	0	5	1
2461	1	1	4
2462	1	3	1
2463	1	2	7
2464	0	1	4
2465	1	5	6
2466	1	2	15
2467	1	0	10
2468	1	5	1
2469	1	2	4
2470	1	3	18
2471	1	5	13
2472	1	2	18
2473	1	2	12
2474	1	2	12
2475	0	2	18
2476	1	5	12
2477	1	4	0
2478	1	5	1
2479	0	2	1
2480	0	1	20
2481	1	3	14
2482	0	5	3
2483	1	6	13
2484	1	4	5
2485	1	3	14
2486	1	1	12
2487	1	4	7
2488	0	4	2
2489	0	3	9
2490	1	2	12
2491	1	3	7
2492	0	4	2
2493	1	4	2
2494	1	1	4
2495	0	1	4
2496	1	5	1
2497	0	5	14
2498	1	6	18
2499	1	5	0
2500	1	6	1
2501	1	2	15
2502	1	6	13
2503	1	3	17
2504	1	2	7
2505	1	2	7
2506	0	2	14
2507	1	2	4
2508	0	3	3
2509	1	2	5
2510	1	2	7
2511	1	2	7
2512	0	4	14
2513	1	6	1
2514	1	6	14
2515	1	4	12
2516	0	4	6
2517	0	3	9
2518	1	2	7
2519	0	4	2
2520	0	6	2
2521	1	3	17
2522	1	1	11
2523	1	2	17
2524	0	6	9
2525	0	3	1
2526	1	6	13
2527	1	3	15
2528	1	6	0
2529	0	3	9
2530	1	1	0
2531	0	4	7
2532	0	6	13
2533	0	2	3
2534	0	5	6
2535	0	6	2
2536	1	6	13
2537	1	3	11
2538	1	6	13
2539	1	3	7
2540	0	4	6
2541	0	3	5
2542	0	4	13
2543	0	3	0
2544	1	4	1
2545	1	6	13
2546	0	6	13
2547	0	3	0
2548	0	3	6
2549	1	6	13
2550	1	5	7
2551	1	2	12
2552	0	2	9
2553	1	2	7
2554	1	2	1
2555	1	6	7
2556	1	2	4
2557	0	1	19
2558	1	6	17
2559	1	1	10
2560	0	4	6
2561	1	2	15
2562	1	1	0
2563	1	4	13
2564	0	3	20
2565	1	3	5
2566	1	3	17
2567	1	2	0
2568	1	2	17
2569	1	4	0
2570	0	6	14
2571	1	3	17
2572	1	3	14
2573	1	4	16
2574	1	5	6
2575	1	3	7
2576	1	1	17
2577	1	2	7
2578	1	5	7
2579	1	3	15
2580	0	4	1
2581	1	2	11
2582	0	2	1
2583	1	3	7
2584	0	6	1
2585	1	4	15
2586	1	2	20
2587	1	3	7
2588	0	6	13
2589	1	2	0
2590	1	1	4
2591	1	1	1
2592	1	5	7
2593	1	6	16
2594	1	3	7
2595	1	1	4
2596	1	5	7
2597	0	5	0
2598	1	2	17
2599	1	2	12
2600	1	2	14
2601	1	3	16
2602	1	4	12
2603	1	2	17
2604	1	2	0
2605	1	3	7
2606	1	5	7
2607	0	6	0
2608	0	2	1
2609	0	5	12
2610	1	4	7
2611	1	2	3
2612	0	4	3
2613	1	3	1
2614	1	2	7
2615	1	2	7
2616	1	3	7
2617	0	4	15
2618	0	1	4
2619	1	3	12
2620	1	1	4
2621	1	1	0
2622	0	3	6
2623	1	6	1
2624	0	3	0
2625	1	3	7
2626	1	6	1
2627	1	2	1
2628	0	2	2
2629	1	2	11
2630	0	1	5
2631	0	5	1
2632	1	6	0
2633	0	3	9
2634	1	6	1
2635	1	3	0
2636	1	1	12
2637	0	3	20
2638	1	2	14
2639	0	2	6
2640	1	3	12
2641	1	2	6
2642	1	2	0
2643	1	4	17
2644	1	1	15
2645	1	2	7
2646	1	4	17
2647	0	3	11
2648	1	2	17
2649	1	2	16
2650	1	4	7
2651	1	6	14
2652	1	3	20
2653	1	2	7
2654	0	3	9
2655	1	3	7
2656	1	6	13
2657	0	0	10
2658	1	2	7
2659	1	3	14
2660	1	6	17
2661	1	6	13
2662	1	2	17
2663	0	2	4
2664	1	3	7
2665	1	3	11
2666	1	4	16
2667	0	3	6
2668	0	2	4
2669	1	4	0
2670	1	3	6
2671	0	3	12
2672	1	3	7
2673	1	3	7
2674	1	2	4
2675	1	3	18
2676	1	6	20
2677	0	3	7
2678	1	2	6
2679	0	1	4
2680	1	2	12
2681	0	2	4
2682	1	1	4
2683	1	3	7
2684	0	1	0
2685	1	4	7
2686	1	2	0
2687	1	0	10
2688	1	2	17
2689	1	2	12
2690	1	2	7
2691	1	1	4
2692	0	1	4
2693	1	6	13
2694	1	1	4
2695	1	3	11
2696	1	2	7
2697	0	5	17
2698	0	2	2
2699	0	6	13
2700	1	2	7
2701	1	4	1
2702	1	4	6
2703	1	3	11
2704	1	6	13
2705	1	2	1
2706	0	2	1
2707	1	6	13
2708	1	2	7
2709	0	2	0
2710	1	3	17
2711	0	2	4
2712	0	1	19
2713	1	2	7
2714	1	1	4
2715	0	5	4
2716	0	5	4
2717	1	2	4
2718	0	2	4
2719	1	2	12
2720	1	3	0
2721	1	4	14
2722	1	3	7
2723	0	2	9
2724	0	4	2
2725	1	3	7
2726	1	4	11
2727	1	2	11
2728	1	3	12
2729	1	5	7
2730	1	3	11
2731	1	3	7
2732	1	4	17
2733	1	4	17
2734	0	1	4
2735	1	2	7
2736	1	4	12
2737	1	2	3
2738	0	5	2
2739	0	3	7
2740	1	4	17
2741	1	2	14
2742	1	2	17
2743	1	2	14
2744	1	1	17
2745	0	3	1
2746	1	5	14
2747	0	1	4
2748	1	2	4
2749	1	2	12
2750	0	2	15
2751	0	2	16
2752	1	2	15
2753	0	5	20
2754	1	5	12
2755	1	3	7
2756	1	1	4
2757	1	2	2
2758	1	6	8
2759	1	2	7
2760	1	6	0
2761	1	3	6
2762	1	5	16
2763	0	1	4
2764	1	2	7
2765	1	5	7
2766	1	4	7
2767	1	2	0
2768	1	2	17
2769	1	2	7
2770	1	3	1
2771	1	1	1
2772	1	3	17
2773	1	3	2
2774	1	2	1
2775	0	1	4
2776	1	2	14
2777	1	1	4
2778	1	6	13
2779	1	3	7
2780	1	2	17
2781	1	3	4
2782	0	1	4
2783	1	4	17
2784	1	5	20
2785	1	6	13
2786	1	2	4
2787	1	2	4
2788	1	6	1
2789	1	1	4
2790	1	2	20
2791	1	6	7
2792	1	1	4
2793	1	3	7
2794	1	2	2
2795	1	5	13
2796	1	2	14
2797	0	2	7
2798	1	3	20
2799	1	1	0
2800	0	1	4
2801	0	2	3
2802	1	3	20
2803	1	2	7
2804	0	3	0
2805	1	6	19
2806	1	0	10
2807	0	3	11
2808	1	6	16
2809	1	2	7
2810	0	0	10
2811	1	2	19
2812	1	2	17
2813	1	2	20
2814	1	3	7
2815	1	3	17
2816	1	2	7
2817	1	3	12
2818	1	2	12
2819	1	4	14
2820	0	3	0
2821	1	1	20
2822	1	5	7
2823	1	2	4
2824	1	1	4
2825	0	2	20
2826	1	3	12
2827	1	2	17
2828	1	1	4
2829	1	4	20
2830	1	3	7
2831	1	2	0
2832	1	2	17
2833	1	2	15
2834	1	3	1
2835	1	3	20
2836	1	2	12
2837	1	1	0
2838	1	1	1
2839	1	2	17
2840	1	2	0
2841	1	5	12
2842	1	3	17
2843	0	2	4
2844	1	2	20
2845	1	2	4
2846	0	1	4
2847	1	1	4
2848	1	2	0
2849	1	4	11
2850	1	1	20
2851	0	2	7
2852	1	2	12
2853	1	0	1
2854	0	1	4
2855	1	2	4
2856	1	3	11
2857	1	2	0
2858	0	0	10
2859	1	1	1
2860	1	3	17
2861	1	2	15
2862	1	4	7
2863	0	2	2
2864	0	3	3
2865	0	2	6
2866	1	2	7
2867	1	4	17
2868	1	3	12
2869	1	5	17
2870	1	5	18
2871	0	2	14
2872	1	2	20
2873	0	1	4
2874	0	3	20
2875	1	2	2
2876	1	2	17
2877	1	3	1
2878	0	5	20
2879	1	1	4
2880	1	1	12
2881	0	2	12
2882	1	1	20
2883	1	1	20
2884	0	5	3
2885	0	1	1
2886	1	1	4
2887	1	2	3
2888	1	2	14
2889	1	3	3
2890	1	3	7
2891	0	1	4
2892	1	2	4
2893	1	2	1
2894	1	1	4
2895	1	2	11
2896	1	1	14
2897	1	2	5
2898	1	1	4
2899	1	3	14
2900	1	1	12
2901	1	2	17
2902	1	2	12
2903	1	2	16
2904	1	2	4
2905	1	3	17
2906	1	3	19
2907	0	3	5
2908	1	1	2
2909	1	2	7
2910	1	0	19
2911	0	2	4
2912	0	1	4
2913	0	3	20
2914	1	2	4
2915	1	2	7
2916	1	4	2
2917	1	2	0
2918	1	2	12
2919	1	1	17
2920	1	2	2
2921	1	5	1
2922	1	2	17
2923	1	3	12
2924	0	1	4
2925	0	2	4
2926	0	1	2
2927	1	2	12
2928	1	2	2
2929	1	1	2
2930	1	5	17
2931	1	1	4
2932	1	2	12
2933	1	3	11
2934	0	3	20
2935	1	2	0
2936	0	1	4
2937	0	1	4
2938	0	2	0
2939	0	2	15
2940	1	2	0
2941	1	3	12
2942	0	5	1
2943	1	3	12
2944	0	1	4
2945	0	3	17
2946	1	3	16
2947	0	2	0
2948	1	1	14
2949	1	2	17
2950	1	1	0
2951	0	3	14
2952	1	2	4
2953	1	2	20
2954	1	1	2
2955	1	3	14
2956	1	2	12
2957	1	1	4
2958	1	2	7
2959	1	3	17
2960	1	1	4
2961	1	5	17
2962	1	3	3
2963	0	1	4
2964	1	2	17
2965	0	3	4
2966	0	2	4
2967	1	2	0
2968	0	1	0
2969	1	2	7
2970	1	1	4
2971	1	2	4
2972	1	2	4
2973	0	1	4
2974	1	1	4
2975	1	3	11
2976	1	1	20
2977	0	1	4
2978	1	3	20
2979	1	3	2
2980	1	4	7
2981	1	4	6
2982	1	2	4
2983	1	1	4
2984	1	2	4
2985	1	1	4
2986	1	2	4
2987	1	1	4
2988	0	1	6
2989	1	3	12
2990	1	3	12
2991	1	5	1
2992	1	1	4
2993	1	1	19
2994	1	3	5
2995	1	2	15
2996	1	1	0
2997	0	3	16
2998	0	2	1
2999	1	2	7
3000	1	2	4
3001	1	1	4
3002	1	4	11
3003	1	1	15
3004	0	1	4
3005	1	2	17
3006	1	1	4
3007	1	3	0
3008	1	1	4
3009	0	3	3
3010	1	2	12
3011	1	2	1
3012	1	2	12
3013	1	4	17
3014	1	3	7
3015	1	6	6
3016	1	1	12
3017	0	3	9
3018	1	3	0
3019	1	5	12
3020	0	3	7
3021	0	4	15
3022	1	2	17
3023	0	2	7
3024	1	3	17
3025	0	3	0
3026	0	1	4
3027	1	1	4
3028	1	0	10
3029	1	1	4
3030	1	3	1
3031	1	1	4
3032	1	2	0
3033	1	1	4
3034	0	1	1
3035	0	2	7
3036	1	6	13
3037	0	2	2
3038	0	3	2
3039	0	5	3
3040	1	2	8
3041	1	2	4
3042	1	6	1
3043	1	1	2
3044	1	3	16
3045	1	4	1
3046	1	0	4
3047	0	2	4
3048	1	1	2
3049	0	5	0
3050	1	3	12
3051	1	1	17
3052	1	3	12
3053	0	2	3
3054	1	1	4
3055	0	2	3
3056	1	2	18
3057	0	2	12
3058	1	1	12
3059	1	3	0
3060	0	3	1
3061	1	4	2
3062	1	1	4
3063	1	1	4
3064	1	3	17
3065	0	1	4
3066	1	1	4
3067	0	2	0
3068	0	3	9
3069	1	1	4
3070	0	1	4
3071	1	2	1
3072	1	5	1
3073	1	2	0
3074	1	2	0
3075	0	2	11
3076	1	3	17
3077	1	1	4
3078	0	3	1
3079	0	2	1
3080	1	2	20
3081	1	2	7
3082	0	3	6
3083	0	5	0
3084	1	2	16
3085	1	2	4
3086	1	1	12
3087	0	0	1
3088	0	2	4
3089	1	4	16
3090	1	2	2
3091	0	2	0
3092	1	3	15
3093	0	4	20
3094	1	3	0
3095	0	2	3
3096	0	4	3
3097	0	2	5
3098	1	2	4
3099	1	2	17
3100	0	2	6
3101	1	1	15
3102	1	2	12
3103	1	2	20
3104	1	1	17
3105	1	3	12
3106	1	2	0
3107	1	2	17
3108	1	5	6
3109	0	2	11
3110	1	2	0
3111	1	1	4
3112	1	1	12
3113	1	2	10
3114	1	1	5
3115	1	3	17
3116	1	2	12
3117	1	3	0
3118	1	2	0
3119	1	4	1
3120	1	1	4
3121	1	2	2
3122	0	2	7
3123	1	2	2
3124	1	2	12
3125	1	2	7
3126	1	2	2
3127	0	2	0
3128	1	1	2
3129	1	2	7
3130	1	2	7
3131	0	2	2
3132	1	3	7
3133	1	1	4
3134	1	1	4
3135	1	2	15
3136	0	2	4
3137	1	2	11
3138	1	3	17
3139	1	6	13
3140	0	2	4
3141	1	2	14
3142	1	2	20
3143	0	5	16
3144	0	2	7
3145	1	1	4
3146	1	2	0
3147	1	2	14
3148	1	1	20
3149	1	1	4
3150	0	2	3
3151	0	2	0
3152	1	1	4
3153	0	2	4
3154	0	2	4
3155	1	2	7
3156	1	3	7
3157	1	2	12
3158	1	2	15
3159	0	2	15
3160	1	2	17
3161	1	2	7
3162	1	2	1
3163	1	1	15
3164	1	1	12
3165	1	3	7
3166	1	1	4
3167	1	2	2
3168	0	3	5
3169	1	5	0
3170	1	2	0
3171	0	5	3
3172	1	1	12
3173	1	2	12
3174	0	1	14
3175	1	3	16
3176	1	2	17
3177	0	2	6
3178	0	3	5
3179	0	1	20
3180	1	2	14
3181	1	2	12
3182	1	2	12
3183	1	5	7
3184	0	2	18
3185	1	1	7
3186	1	5	1
3187	1	3	12
3188	1	6	13
3189	1	2	16
3190	1	0	17
3191	1	2	12
3192	1	1	4
3193	1	2	0
3194	1	2	15
3195	1	1	4
3196	0	1	4
3197	0	1	14
3198	1	2	12
3199	1	1	0
3200	0	2	1
3201	1	4	7
3202	0	1	4
3203	1	3	0
3204	1	4	16
3205	0	3	16
3206	1	1	20
3207	1	3	7
3208	1	2	14
3209	1	2	0
3210	0	4	0
3211	1	5	16
3212	0	2	17
3213	0	2	1
3214	0	6	7
3215	0	5	13
3216	1	3	1
3217	0	3	0
3218	1	6	6
3219	0	1	4
3220	1	3	7
3221	1	2	0
3222	1	3	7
3223	1	2	20
3224	0	2	14
3225	1	1	0
3226	1	3	4
3227	0	2	14
3228	1	2	14
3229	0	6	1
3230	1	3	16
3231	1	2	7
3232	1	3	12
3233	1	5	2
3234	0	0	0
3235	1	1	4
3236	1	1	15
3237	1	3	7
3238	1	3	7
3239	0	2	12
3240	1	1	4
3241	0	5	0
3242	1	5	13
3243	1	2	12
3244	0	1	4
3245	1	1	2
3246	0	3	1
3247	1	3	15
3248	0	2	7
3249	0	2	4
3250	1	2	4
3251	1	3	17
3252	1	5	0
3253	0	3	4
3254	0	3	6
3255	0	2	15
3256	1	2	15
3257	1	2	14
3258	1	4	6
3259	0	1	4
3260	1	2	4
3261	1	4	20
3262	1	2	14
3263	1	5	11
3264	0	2	1
3265	1	2	15
3266	0	2	4
3267	1	2	4
3268	1	2	12
3269	0	1	20
3270	1	1	11
3271	0	3	0
3272	1	3	0
3273	1	3	7
3274	1	2	20
3275	1	3	7
3276	1	2	20
3277	1	2	17
3278	1	3	7
3279	1	4	15
3280	1	2	7
3281	1	2	17
3282	1	4	3
3283	1	3	16
3284	1	2	6
3285	1	2	4
3286	0	3	7
3287	1	6	13
3288	1	2	14
3289	1	4	6
3290	1	2	14
3291	0	2	7
3292	0	5	6
3293	1	4	14
3294	1	1	4
3295	1	1	18
3296	1	1	14
3297	1	1	4
3298	1	0	10
3299	0	2	4
3300	1	3	5
3301	0	2	2
3302	1	2	17
3303	1	6	17
3304	0	4	5
3305	1	6	20
3306	1	4	14
3307	1	5	6
3308	0	1	20
3309	1	2	17
3310	1	4	14
3311	1	2	4
3312	0	1	4
3313	1	3	20
3314	1	2	7
3315	1	2	12
3316	1	0	19
3317	1	2	4
3318	1	6	13
3319	0	6	13
3320	1	2	1
3321	1	3	1
3322	0	1	4
3323	1	3	14
3324	1	3	17
3325	0	3	14
3326	1	4	7
3327	1	1	12
3328	1	6	19
3329	1	5	18
3330	0	3	1
3331	0	2	7
3332	1	2	7
3333	1	1	16
3334	1	3	0
3335	1	2	0
3336	1	3	17
3337	1	2	4
3338	1	4	16
3339	1	2	17
3340	1	4	16
3341	1	2	20
3342	0	2	5
3343	0	1	4
3344	1	3	0
3345	1	2	7
3346	1	3	7
3347	0	3	7
3348	1	4	16
3349	0	1	4
3350	0	1	0
3351	0	1	5
3352	1	3	0
3353	1	3	17
3354	1	2	7
3355	1	2	1
3356	1	3	7
3357	1	2	18
3358	0	2	1
3359	1	2	20
3360	0	2	0
3361	1	2	4
3362	0	2	0
3363	0	3	9
3364	1	6	13
3365	1	5	17
3366	1	3	14
3367	1	5	16
3368	1	2	14
3369	1	4	18
3370	1	1	4
3371	1	2	2
3372	1	6	13
3373	1	1	16
3374	1	3	5
3375	1	2	4
3376	1	3	16
3377	1	2	17
3378	1	1	4
3379	1	3	1
3380	1	5	0
3381	1	2	0
3382	0	0	10
3383	1	6	16
3384	1	3	7
3385	0	2	9
3386	1	1	4
3387	1	1	1
3388	0	2	1
3389	1	1	0
3390	0	4	20
3391	1	1	4
3392	1	5	6
3393	1	3	12
3394	1	3	7
3395	1	2	7
3396	1	2	12
3397	1	2	5
3398	1	1	20
3399	1	2	4
3400	1	2	14
3401	1	3	7
3402	1	3	20
3403	1	3	5
3404	1	2	8
3405	1	3	14
3406	0	2	7
3407	0	4	5
3408	1	2	17
3409	1	2	4
3410	1	3	1
3411	1	1	4
3412	1	2	18
3413	0	2	17
3414	1	2	17
3415	1	3	7
3416	1	2	12
3417	0	1	2
3418	0	1	3
3419	1	4	1
3420	0	2	7
3421	1	4	7
3422	1	2	5
3423	1	2	7
3424	1	2	6
3425	1	1	20
3426	1	2	20
3427	1	2	14
3428	1	4	1
3429	0	2	7
3430	0	4	1
3431	0	4	6
3432	1	2	12
3433	1	1	12
3434	1	1	4
3435	1	4	1
3436	1	3	0
3437	0	2	0
3438	0	2	0
3439	1	1	17
3440	1	6	17
3441	0	2	14
3442	1	1	12
3443	0	3	17
3444	1	5	14
3445	0	3	20
3446	1	2	7
3447	1	2	12
3448	0	1	3
3449	1	2	14
3450	1	2	5
3451	0	2	11
3452	1	2	14
3453	1	3	7
3454	1	1	0
3455	0	2	0
3456	1	2	17
3457	1	2	20
3458	1	4	0
3459	1	1	4
3460	1	0	4
3461	1	3	0
3462	0	2	4
3463	1	2	15
3464	0	2	14
3465	1	2	14
3466	1	2	14
3467	1	2	14
3468	1	2	20
3469	1	4	17
3470	1	3	17
3471	1	1	4
3472	1	2	6
3473	0	3	16
3474	1	3	11
3475	1	2	14
3476	1	5	0
3477	0	5	1
3478	1	2	7
3479	1	1	4
3480	1	2	0
3481	1	1	4
3482	1	5	17
3483	0	4	7
3484	1	1	4
3485	1	2	0
3486	0	1	0
3487	1	1	4
3488	1	4	17
3489	1	1	4
3490	1	2	0
3491	1	2	16
3492	1	3	7
3493	1	2	17
3494	1	2	1
3495	1	1	4
3496	1	3	5
3497	0	3	2
3498	1	2	17
3499	1	2	3
3500	1	3	7
3501	0	3	7
3502	0	1	7
3503	1	1	4
3504	1	1	7
3505	0	2	15
3506	1	1	12
3507	1	2	0
3508	1	1	4
3509	1	1	4
3510	0	1	4
3511	1	5	0
3512	1	1	17
3513	1	2	16
3514	1	1	12
3515	1	3	3
3516	1	1	4
3517	1	1	12
3518	0	1	7
3519	0	2	14
3520	1	2	0
3521	1	2	0
3522	1	1	0
3523	1	3	7
3524	0	2	0
3525	0	1	4
3526	1	3	2
3527	1	2	0
3528	1	3	5
3529	0	4	1
3530	1	2	0
3531	0	2	11
3532	0	3	14
3533	1	2	2
3534	1	3	17
3535	1	4	18
3536	1	1	4
3537	1	0	10
3538	1	3	0
3539	0	2	4
3540	1	1	17
3541	1	2	3
3542	1	2	15
3543	1	2	17
3544	0	2	4
3545	1	3	12
3546	1	2	20
3547	1	3	16
3548	1	4	7
3549	0	3	7
3550	1	2	5
3551	0	6	0
3552	0	3	2
3553	1	3	16
3554	1	2	15
3555	1	6	7
3556	1	2	17
3557	1	1	5
3558	1	1	17
3559	1	1	4
3560	0	2	6
3561	1	3	14
3562	0	2	6
3563	1	2	2
3564	1	2	11
3565	1	2	18
3566	1	4	0
3567	1	2	14
3568	1	2	0
3569	0	1	2
3570	1	3	12
3571	1	1	4
3572	1	3	11
3573	1	0	10
3574	0	3	6
3575	1	2	18
3576	1	5	7
3577	0	6	0
3578	1	5	3
3579	1	1	0
3580	0	1	3
3581	1	1	1
3582	0	3	0
3583	0	2	9
3584	1	1	0
3585	1	3	20
3586	1	3	20
3587	1	3	3
3588	1	2	2
3589	0	4	0
3590	0	1	15
3591	1	3	6
3592	0	6	2
3593	0	2	9
3594	1	0	0
3595	1	2	0
3596	0	3	4
3597	1	2	17
3598	1	6	1
3599	1	2	16
3600	1	3	20
3601	0	3	3
3602	1	2	12
3603	0	3	7
3604	0	0	10
3605	1	1	12
3606	0	2	15
3607	1	3	17
3608	0	3	9
3609	0	2	17
3610	1	1	6
3611	1	2	2
3612	1	2	14
3613	1	2	0
3614	1	2	0
3615	1	2	17
3616	1	4	0
3617	1	3	7
3618	1	6	17
3619	1	5	16
3620	1	2	7
3621	1	1	4
3622	1	1	1
3623	1	3	11
3624	1	2	12
3625	1	1	10
3626	1	2	17
3627	0	3	1
3628	1	2	7
3629	0	5	7
3630	1	1	4
3631	1	1	4
3632	1	5	11
3633	1	3	18
3634	1	5	1
3635	1	5	1
3636	1	2	0
3637	1	2	6
3638	1	2	2
3639	1	1	4
3640	1	3	7
3641	1	2	0
3642	0	2	7
3643	1	2	17
3644	0	2	11
3645	1	3	17
3646	1	3	20
3647	1	2	7
3648	1	1	4
3649	0	2	0
3650	1	2	0
3651	1	2	14
3652	1	2	12
3653	1	1	15
3654	1	2	17
3655	0	2	7
3656	0	4	5
3657	1	1	17
3658	0	2	7
3659	1	1	4
3660	1	3	7
3661	1	3	12
3662	1	3	16
3663	0	3	9
3664	0	3	1
3665	1	2	0
3666	1	4	0
3667	0	0	10
3668	0	4	7
3669	1	2	14
3670	1	4	14
3671	1	2	4
3672	1	3	5
3673	1	2	2
3674	1	2	20
3675	1	3	7
3676	0	3	12
3677	0	2	12
3678	1	2	0
3679	1	2	4
3680	0	2	1
3681	1	2	7
3682	0	5	1
3683	1	2	2
3684	1	2	17
3685	1	2	5
3686	1	2	7
3687	0	5	1
3688	1	1	6
3689	1	2	0
3690	1	1	0
3691	1	2	7
3692	1	3	17
3693	1	2	15
3694	1	2	12
3695	1	2	2
3696	1	3	7
3697	1	2	15
3698	1	2	7
3699	0	6	3
3700	1	2	14
3701	1	3	1
3702	1	3	15
3703	1	1	12
3704	0	3	0
3705	1	4	7
3706	1	2	12
3707	0	1	0
3708	1	6	7
3709	1	2	12
3710	1	0	10
3711	1	3	0
3712	1	2	17
3713	0	2	7
3714	1	2	17
3715	1	1	5
3716	1	1	12
3717	1	3	17
3718	1	5	17
3719	1	2	1
3720	1	4	7
3721	1	2	15
3722	1	2	18
3723	1	2	14
3724	1	3	6
3725	1	1	4
3726	1	2	17
3727	1	3	7
3728	1	1	4
3729	1	1	4
3730	1	2	1
3731	1	2	17
3732	1	2	17
3733	1	1	4
3734	1	1	4
3735	1	2	0
3736	1	3	1
3737	1	2	14
3738	1	4	7
3739	1	6	11
3740	1	1	5
3741	1	2	0
3742	1	2	0
3743	0	3	7
3744	1	2	0
3745	0	2	9
3746	1	2	5
3747	1	4	13
3748	1	1	4
3749	0	2	0
3750	0	1	4
3751	0	3	12
3752	0	1	1
3753	1	2	7
3754	1	6	7
3755	0	5	14
3756	1	1	12
3757	1	2	7
3758	0	3	5
3759	1	3	6
3760	1	5	0
3761	1	2	17
3762	1	5	6
3763	1	2	2
3764	1	2	1
3765	0	5	3
3766	0	1	1
3767	1	2	0
3768	1	2	4
3769	1	2	15
3770	0	3	3
3771	1	2	1
3772	1	3	17
3773	1	3	6
3774	1	2	0
3775	1	3	12
3776	0	2	4
3777	1	1	4
3778	1	2	0
3779	0	4	2
3780	1	0	0
3781	0	6	11
3782	0	2	0
3783	1	2	7
3784	0	2	1
3785	0	2	20
3786	0	2	0
3787	0	2	0
3788	0	1	0
3789	0	2	0
3790	0	2	17
3791	1	5	18
3792	1	2	6
3793	1	1	4
3794	0	1	4
3795	0	1	4
3796	1	4	14
3797	1	2	7
3798	1	2	7
3799	1	1	0
3800	1	1	1
3801	1	1	12
3802	1	1	0
3803	0	3	9
3804	1	2	6
3805	0	3	1
3806	1	1	4
3807	0	3	19
3808	1	2	7
3809	1	3	6
3810	1	5	7
3811	1	2	15
3812	1	3	17
3813	1	3	7
3814	1	2	15
3815	1	2	17
3816	0	2	3
3817	1	3	3
3818	1	4	17
3819	1	2	12
3820	1	2	17
3821	1	2	20
3822	1	4	20
3823	1	6	7
3824	1	2	17
3825	1	1	1
3826	1	2	1
3827	1	5	2
3828	1	2	20
3829	0	2	1
3830	1	1	4
3831	0	1	6
3832	0	2	7
3833	1	2	1
3834	1	1	2
3835	1	2	7
3836	0	5	8
3837	1	2	17
3838	0	2	14
3839	1	5	14
3840	0	2	0
3841	1	4	18
3842	0	3	16
3843	0	0	10
3844	1	1	4
3845	1	2	12
3846	1	3	0
3847	1	2	7
3848	1	2	15
3849	1	3	0
3850	1	1	3
3851	1	2	12
3852	1	5	16
3853	1	2	14
3854	1	2	14
3855	1	2	17
3856	0	3	20
3857	1	1	14
3858	0	4	9
3859	1	2	0
3860	1	4	17
3861	1	1	4
3862	1	2	17
3863	1	2	0
3864	1	5	20
3865	0	0	10
3866	1	4	14
3867	1	3	3
3868	1	1	12
3869	1	1	17
3870	1	2	17
3871	1	1	4
3872	1	2	1
3873	0	4	2
3874	1	2	7
3875	1	2	0
3876	1	2	0
3877	1	4	1
3878	1	3	16
3879	1	2	3
3880	1	2	7
3881	1	1	2
3882	1	6	14
3883	1	5	16
3884	1	1	4
3885	1	2	12
3886	1	3	7
3887	1	1	4
3888	1	4	17
3889	1	4	6
3890	1	1	4
3891	0	6	16
3892	1	2	20
3893	1	2	6
3894	1	3	16
3895	0	3	0
3896	1	3	0
3897	1	6	17
3898	1	4	11
3899	1	2	17
3900	0	2	14
3901	1	1	14
3902	1	2	5
3903	1	2	0
3904	1	0	10
3905	1	2	17
3906	1	5	17
3907	0	1	14
3908	1	2	0
3909	1	1	17
3910	1	2	20
3911	1	1	0
3912	1	2	4
3913	1	1	17
3914	1	3	4
3915	0	3	3
3916	1	2	4
3917	0	3	9
3918	1	2	18
3919	1	4	0
3920	1	3	17
3921	1	2	14
3922	1	1	4
3923	1	3	2
3924	1	5	12
3925	1	2	12
3926	1	2	2
3927	0	2	16
3928	1	2	0
3929	1	2	5
3930	1	6	3
3931	1	2	5
3932	1	2	7
3933	0	3	6
3934	1	2	0
3935	1	3	18
3936	0	3	12
3937	1	6	2
3938	1	2	2
3939	1	4	7
3940	1	3	20
3941	1	4	17
3942	1	1	4
3943	0	3	7
3944	0	3	16
3945	0	4	1
3946	0	2	12
3947	1	2	0
3948	0	4	12
3949	1	4	0
3950	1	2	4
3951	0	1	4
3952	0	4	1
3953	1	2	12
3954	1	1	4
3955	1	3	0
3956	1	2	0
3957	1	3	11
3958	1	4	7
3959	0	4	1
3960	0	3	14
3961	1	2	1
3962	0	6	0
3963	1	5	20
3964	1	6	16
3965	1	1	11
3966	1	2	0
3967	0	1	2
3968	1	2	2
3969	1	6	7
3970	0	2	2
3971	0	1	4
3972	0	2	6
3973	1	2	7
3974	1	3	0
3975	0	2	5
3976	0	2	0
3977	1	3	14
3978	1	3	13
3979	0	5	9
3980	1	2	4
3981	0	4	0
3982	1	6	13
3983	1	2	0
3984	1	2	7
3985	1	4	16
3986	1	2	7
3987	0	1	4
3988	0	2	14
3989	1	5	12
3990	1	2	16
3991	1	2	7
3992	1	2	4
3993	1	2	0
3994	1	5	7
3995	1	3	17
3996	1	1	14
3997	1	3	17
3998	1	4	0
3999	1	3	17
4000	1	3	7
4001	0	2	1
4002	1	4	16
4003	1	6	13
4004	1	5	0
4005	1	3	7
4006	1	0	7
4007	1	3	12
4008	1	1	1
4009	1	1	7
4010	1	2	14
4011	1	2	17
4012	1	1	4
4013	1	2	1
4014	1	2	0
4015	0	4	3
4016	1	5	0
4017	1	2	14
4018	0	4	20
4019	1	3	17
4020	1	2	6
4021	1	5	20
4022	1	3	14
4023	0	3	9
4024	1	2	5
4025	0	6	6
4026	1	2	7
4027	0	2	7
4028	1	2	4
4029	0	6	3
4030	1	3	7
4031	1	2	0
4032	1	2	12
4033	1	2	6
4034	1	2	0
4035	1	1	4
4036	1	2	1
4037	1	5	16
4038	1	5	6
4039	1	2	16
4040	1	2	20
4041	1	1	3
4042	1	3	15
4043	0	2	15
4044	0	3	3
4045	1	6	13
4046	1	4	17
4047	1	1	4
4048	0	3	1
4049	1	4	11
4050	1	3	6
4051	1	1	14
4052	1	2	2
4053	1	2	18
4054	1	3	3
4055	1	5	0
4056	1	0	10
4057	1	3	6
4058	1	2	6
4059	1	2	14
4060	1	2	18
4061	1	5	6
4062	1	2	7
4063	0	3	1
4064	1	4	0
4065	0	4	5
4066	1	2	0
4067	1	4	20
4068	1	6	3
4069	1	3	15
4070	1	2	15
4071	1	2	17
4072	1	5	6
4073	1	2	6
4074	1	3	6
4075	1	2	16
4076	1	2	17
4077	0	3	2
4078	1	2	15
4079	1	3	17
4080	1	3	1
4081	1	1	12
4082	1	2	20
4083	1	6	14
4084	1	6	13
4085	0	2	6
4086	0	0	10
4087	1	0	4
4088	1	2	3
4089	1	2	7
4090	1	6	6
4091	1	2	17
4092	0	2	0
4093	1	2	4
4094	1	2	17
4095	1	2	0
4096	1	2	15
4097	1	2	7
4098	1	3	7
4099	1	3	17
4100	1	6	6
4101	1	1	4
4102	1	0	10
4103	1	1	16
4104	1	1	16
4105	1	5	7
4106	1	2	16
4107	0	2	0
4108	1	3	17
4109	1	3	3
4110	0	4	7
4111	1	2	15
4112	1	4	18
4113	1	3	17
4114	1	3	14
4115	1	2	15
4116	1	3	7
4117	1	1	4
4118	1	2	3
4119	1	5	1
4120	1	2	16
4121	1	4	7
4122	1	1	19
4123	0	2	4
4124	1	2	18
4125	1	3	2
4126	1	2	17
4127	1	5	17
4128	1	3	6
4129	1	6	11
4130	1	3	6
4131	1	4	7
4132	1	2	17
4133	1	4	4
4134	0	4	12
4135	1	0	10
4136	1	5	16
4137	1	2	7
4138	1	2	7
4139	1	6	14
4140	1	2	0
4141	1	3	17
4142	1	6	7
4143	0	2	5
4144	1	1	4
4145	0	5	1
4146	1	3	17
4147	0	5	7
4148	0	3	7
4149	1	3	1
4150	1	2	0
4151	1	4	20
4152	1	2	14
4153	1	5	17
4154	1	2	1
4155	1	5	17
4156	1	6	20
4157	1	5	18
4158	0	0	10
4159	0	5	9
4160	1	3	20
4161	1	4	0
4162	0	2	14
4163	1	6	7
4164	1	3	1
4165	0	2	14
4166	0	2	7
4167	1	2	20
4168	0	4	6
4169	1	5	0
4170	1	4	7
4171	1	6	16
4172	1	3	7
4173	0	1	11
4174	0	3	3
4175	1	3	0
4176	1	4	7
4177	1	3	17
4178	0	5	16
4179	0	3	20
4180	1	6	13
4181	0	2	7
4182	1	2	18
4183	1	2	1
4184	1	5	7
4185	1	2	14
4186	1	2	7
4187	0	6	20
4188	1	5	7
4189	1	3	14
4190	1	4	17
4191	0	4	15
4192	1	3	17
4193	1	6	13
4194	1	1	4
4195	0	6	13
4196	1	3	14
4197	0	4	1
4198	1	1	4
4199	0	2	9
4200	1	4	7
4201	0	2	0
4202	1	2	7
4203	1	2	18
4204	1	3	7
4205	0	2	15
4206	0	3	1
4207	1	3	1
4208	0	3	0
4209	1	6	0
4210	1	2	17
4211	1	4	5
4212	1	6	18
4213	1	3	7
4214	0	2	0
4215	1	2	7
4216	1	2	17
4217	1	1	4
4218	1	5	17
4219	1	3	17
4220	1	3	0
4221	1	3	4
4222	0	4	17
4223	0	3	17
4224	0	4	1
4225	0	2	3
4226	0	3	6
4227	1	2	19
4228	1	5	18
4229	1	3	17
4230	1	6	13
4231	0	5	18
4232	0	3	20
4233	1	3	4
4234	0	4	3
4235	1	5	2
4236	0	2	3
4237	1	2	14
4238	1	3	16
4239	1	5	7
4240	1	3	17
4241	1	3	7
4242	1	5	7
4243	1	6	7
4244	1	3	17
4245	1	5	12
4246	0	3	7
4247	1	2	4
4248	1	2	4
4249	0	1	17
4250	0	5	0
4251	1	4	7
4252	0	3	3
4253	1	4	11
4254	1	2	17
4255	1	5	12
4256	0	0	2
4257	1	5	16
4258	1	2	17
4259	1	3	17
4260	1	2	16
4261	0	3	6
4262	0	3	6
4263	1	2	7
4264	1	4	1
4265	1	2	12
4266	1	6	13
4267	1	3	7
4268	0	4	20
4269	1	3	18
4270	1	4	7
4271	1	3	7
4272	1	4	17
4273	1	4	13
4274	0	4	1
4275	0	4	16
4276	0	4	0
4277	1	3	16
4278	0	4	7
4279	1	2	16
4280	1	3	17
4281	1	6	13
4282	1	3	0
4283	0	2	9
4284	1	5	7
4285	1	3	0
4286	1	3	17
4287	1	2	7
4288	0	2	9
4289	1	3	14
4290	1	2	17
4291	1	3	14
4292	1	2	0
4293	0	4	9
4294	1	0	10
4295	1	1	18
4296	1	6	6
4297	1	4	15
4298	0	1	14
4299	0	2	2
4300	0	1	4
4301	1	3	11
4302	1	5	1
4303	1	2	2
4304	1	1	0
4305	0	4	17
4306	1	4	7
4307	1	2	0
4308	1	2	0
4309	1	2	0
4310	1	2	4
4311	1	5	13
4312	1	2	18
4313	0	2	7
4314	1	2	17
4315	1	1	4
4316	1	2	6
4317	0	3	14
4318	1	2	5
4319	1	3	7
4320	1	2	5
4321	1	4	7
4322	0	5	6
4323	1	1	4
4324	1	2	5
4325	1	2	0
4326	0	4	13
4327	1	3	17
4328	1	5	3
4329	0	2	14
4330	0	4	6
4331	1	3	6
4332	0	2	3
4333	1	5	2
4334	1	2	1
4335	1	3	0
4336	0	2	0
4337	1	1	20
4338	0	1	5
4339	1	2	2
4340	0	2	17
4341	1	3	17
4342	1	2	0
4343	1	2	12
4344	1	2	1
4345	0	2	14
4346	1	1	17
4347	0	1	20
4348	1	4	0
4349	1	1	2
4350	1	1	2
4351	1	2	12
4352	1	1	4
4353	1	2	7
4354	1	3	14
4355	1	5	14
4356	1	3	16
4357	0	3	9
4358	1	3	17
4359	1	1	4
4360	0	2	9
4361	1	3	15
4362	1	2	17
4363	1	3	14
4364	1	2	18
4365	0	5	16
4366	1	1	15
4367	1	3	0
4368	1	1	17
4369	1	5	7
4370	1	2	16
4371	0	1	4
4372	1	3	17
4373	1	5	12
4374	1	1	4
4375	0	2	5
4376	0	2	5
4377	1	2	0
4378	1	1	17
4379	1	2	4
4380	0	2	1
4381	1	2	4
4382	1	2	18
4383	0	1	4
4384	1	2	0
4385	1	2	4
4386	1	2	5
4387	0	1	4
4388	1	4	3
4389	1	2	4
4390	1	2	0
4391	0	1	4
4392	1	1	4
4393	1	1	4
4394	1	2	4
4395	1	5	6
4396	1	1	1
4397	1	1	4
4398	0	1	4
4399	0	1	4
4400	0	1	4
4401	1	1	4
4402	0	1	14
4403	1	2	15
4404	1	2	1
4405	1	2	14
4406	1	2	16
4407	1	1	4
4408	0	4	2
4409	1	2	14
4410	1	1	19
4411	1	1	4
4412	1	1	4
4413	1	0	13
4414	1	2	4
4415	1	1	0
4416	1	1	4
4417	1	2	15
4418	0	5	0
4419	0	4	12
4420	1	2	15
4421	1	4	0
4422	1	2	5
4423	1	1	4
4424	1	2	7
4425	1	3	7
4426	1	4	17
4427	1	1	0
4428	1	2	14
4429	1	2	5
4430	0	2	0
4431	1	0	14
4432	1	2	12
4433	1	2	0
4434	0	3	7
4435	1	2	7
4436	1	2	12
4437	0	3	5
4438	1	5	0
4439	1	3	6
4440	1	3	1
4441	1	1	4
4442	1	5	15
4443	1	6	2
4444	0	2	12
4445	1	2	3
4446	1	1	18
4447	1	4	5
4448	1	2	14
4449	1	2	12
4450	1	2	15
4451	1	2	14
4452	0	2	7
4453	1	3	0
4454	1	2	20
4455	1	3	7
4456	0	3	2
4457	1	3	14
4458	0	2	4
4459	1	2	1
4460	1	2	14
4461	1	2	20
4462	0	2	0
4463	1	5	7
4464	0	5	1
4465	1	1	4
4466	1	3	11
4467	0	5	6
4468	0	3	7
4469	0	4	12
4470	1	3	12
4471	1	2	6
4472	0	4	16
4473	1	3	1
4474	1	3	7
4475	1	1	4
4476	1	4	1
4477	1	2	7
4478	1	0	12
4479	1	5	13
4480	1	2	0
4481	1	2	18
4482	0	3	1
4483	0	2	6
4484	0	2	17
4485	1	2	4
4486	1	3	8
4487	1	2	7
4488	1	3	7
4489	1	1	4
4490	1	3	5
4491	1	1	4
4492	1	6	13
4493	0	0	10
4494	1	4	0
4495	1	1	4
4496	1	4	2
4497	1	5	0
4498	1	5	7
4499	1	2	6
4500	1	5	7
4501	1	2	17
4502	1	5	0
4503	1	6	1
4504	0	2	0
4505	1	5	7
4506	1	5	16
4507	1	1	4
4508	1	2	20
4509	1	2	7
4510	1	4	7
4511	1	3	7
4512	1	2	1
4513	1	6	0
4514	1	1	3
4515	1	6	13
4516	1	1	4
4517	0	1	1
4518	1	2	0
4519	1	5	7
4520	1	2	4
4521	1	3	12
4522	1	4	1
4523	1	1	2
4524	1	2	2
4525	1	2	14
4526	1	2	20
4527	1	1	0
4528	1	2	14
4529	1	3	6
4530	0	3	1
4531	1	1	4
4532	1	2	7
4533	1	2	12
4534	1	1	4
4535	1	1	19
4536	1	1	12
4537	0	4	1
4538	1	2	12
4539	1	3	19
4540	0	2	14
4541	1	0	10
4542	1	3	0
4543	1	2	2
4544	1	6	1
4545	1	2	16
4546	1	2	7
4547	1	1	12
4548	1	1	2
4549	0	0	10
4550	1	1	16
4551	1	1	12
4552	1	2	0
4553	0	3	16
4554	0	2	9
4555	0	1	9
4556	1	4	16
4557	1	2	14
4558	1	3	14
4559	1	2	7
4560	1	2	0
4561	0	2	9
4562	1	3	10
4563	0	2	6
4564	1	3	12
4565	1	3	14
4566	1	3	17
4567	1	1	4
4568	0	2	4
4569	1	2	0
4570	1	4	17
4571	1	3	7
4572	0	0	10
4573	1	5	16
4574	1	2	4
4575	0	0	10
4576	0	2	7
4577	1	3	7
4578	1	2	0
4579	0	1	4
4580	0	6	13
4581	1	2	1
4582	0	2	0
4583	1	5	1
4584	0	4	0
4585	1	3	7
4586	1	2	4
4587	1	3	14
4588	0	2	4
4589	1	2	17
4590	0	1	20
4591	1	2	15
4592	1	1	4
4593	0	4	1
4594	1	3	16
4595	1	2	18
4596	0	1	4
4597	0	2	4
4598	0	3	3
4599	0	3	0
4600	1	2	0
4601	1	3	14
4602	1	3	7
4603	0	3	2
4604	1	2	15
4605	1	2	15
4606	0	0	10
4607	1	2	0
4608	0	2	0
4609	0	2	4
4610	0	2	4
4611	0	1	4
4612	0	1	4
4613	1	2	12
4614	0	4	1
4615	1	2	17
4616	1	2	20
4617	0	2	6
4618	1	2	14
4619	0	2	1
4620	0	1	17
4621	1	2	4
4622	1	2	12
4623	1	2	16
4624	1	2	12
4625	1	2	7
4626	1	2	14
4627	1	6	1
4628	0	6	6
4629	0	1	4
4630	0	2	4
4631	1	1	4
4632	1	2	0
4633	1	0	0
4634	1	5	20
4635	1	1	4
4636	1	1	2
4637	0	3	9
4638	1	2	4
4639	1	3	11
4640	1	2	4
4641	1	2	7
4642	1	2	0
4643	1	2	0
4644	1	5	1
4645	0	5	6
4646	0	2	6
4647	1	3	20
4648	1	1	4
4649	1	6	13
4650	1	2	7
4651	0	4	0
4652	0	2	7
4653	1	3	12
4654	1	3	20
4655	0	2	1
4656	1	2	17
4657	1	4	14
4658	1	2	4
4659	0	2	14
4660	0	1	4
4661	1	4	15
4662	0	1	4
4663	1	2	4
4664	0	4	7
4665	1	3	2
4666	1	3	1
4667	1	2	14
4668	1	3	14
4669	1	3	7
4670	1	3	5
4671	1	2	12
4672	1	6	13
4673	1	3	16
4674	0	3	7
4675	0	1	4
4676	1	4	14
4677	1	5	6
4678	1	3	2
4679	1	6	13
4680	1	3	0
4681	0	3	15
4682	1	2	7
4683	1	2	0
4684	0	2	0
4685	1	3	1
4686	1	1	1
4687	1	3	14
4688	1	2	9
4689	1	1	12
4690	0	0	10
4691	0	4	17
4692	0	2	7
4693	1	1	1
4694	1	6	7
4695	1	1	18
4696	1	1	12
4697	1	1	10
4698	0	2	6
4699	0	1	0
4700	0	1	4
4701	1	4	17
4702	1	2	11
4703	1	2	7
4704	1	1	20
4705	0	1	0
4706	1	2	14
4707	1	0	0
4708	1	2	0
4709	1	4	0
4710	0	3	16
4711	1	2	17
4712	1	3	17
4713	1	2	17
4714	1	5	1
4715	1	2	2
4716	0	2	16
4717	1	4	17
4718	1	3	7
4719	0	3	9
4720	1	2	2
4721	1	3	11
4722	1	3	12
4723	1	3	7
4724	0	6	6
4725	1	3	5
4726	0	3	16
4727	0	6	0
4728	1	2	19
4729	1	5	16
4730	1	5	11
4731	1	2	17
4732	1	2	14
4733	1	1	18
4734	1	5	1
4735	1	4	3
4736	1	1	20
4737	1	3	16
4738	1	6	1
4739	1	2	3
4740	0	2	3
4741	1	3	7
4742	1	2	3
4743	1	6	13
4744	1	5	15
4745	0	1	4
4746	1	5	1
4747	1	1	4
4748	1	4	16
4749	1	4	0
4750	0	2	0
4751	1	5	15
4752	0	1	4
4753	1	6	1
4754	0	1	0
4755	0	6	7
4756	1	6	16
4757	1	3	17
4758	0	6	13
4759	0	5	0
4760	1	3	17
4761	1	1	15
4762	0	2	14
4763	1	6	11
4764	1	0	10
4765	0	3	16
4766	1	3	16
4767	0	3	9
4768	1	2	4
4769	1	2	1
4770	0	3	7
4771	0	2	4
4772	1	6	17
4773	1	4	1
4774	1	4	14
4775	1	2	17
4776	0	2	3
4777	1	2	2
4778	1	2	0
4779	1	4	3
4780	1	2	12
4781	0	5	6
4782	1	4	1
4783	1	2	0
4784	0	3	6
4785	0	2	14
4786	1	4	6
4787	1	0	11
4788	1	3	7
4789	1	3	2
4790	0	2	2
4791	1	1	4
4792	0	5	7
4793	0	2	6
4794	0	3	0
4795	1	4	16
4796	1	3	7
4797	0	3	17
4798	1	2	1
4799	0	1	4
4800	1	1	4
4801	1	2	4
4802	1	6	1
4803	0	2	16
4804	0	3	1
4805	1	3	1
4806	1	2	17
4807	1	0	2
4808	1	3	0
4809	0	5	4
4810	1	1	12
4811	1	3	1
4812	1	1	14
4813	0	3	9
4814	1	1	14
4815	0	5	18
4816	0	4	6
4817	1	2	1
4818	0	2	17
4819	1	3	18
4820	1	5	11
4821	1	1	19
4822	0	3	0
4823	1	1	4
4824	1	2	7
4825	1	2	17
4826	1	4	12
4827	1	3	0
4828	0	1	20
4829	1	2	0
4830	1	0	10
4831	0	2	1
4832	1	2	14
4833	1	3	16
4834	0	4	9
4835	1	2	20
4836	0	4	16
4837	1	2	5
4838	1	4	1
4839	0	5	6
4840	0	4	6
4841	1	2	12
4842	0	3	1
4843	1	6	1
4844	1	4	7
4845	0	2	1
4846	0	2	2
4847	1	2	12
4848	0	3	6
4849	0	1	4
4850	0	4	3
4851	1	1	17
4852	1	3	0
4853	1	2	7
4854	0	5	13
4855	1	2	12
4856	1	2	7
4857	1	2	14
4858	1	2	1
4859	0	1	14
4860	1	2	2
4861	1	2	4
4862	1	2	0
4863	0	2	9
4864	1	1	20
4865	0	3	14
4866	1	6	12
4867	1	2	16
4868	1	3	17
4869	0	4	6
4870	0	3	3
4871	1	1	12
4872	1	4	1
4873	1	6	11
4874	0	2	4
4875	1	3	0
4876	0	3	17
4877	1	2	4
4878	1	5	4
4879	1	2	3
4880	0	4	9
4881	1	4	16
4882	1	4	11
4883	0	0	10
4884	1	3	14
4885	1	6	1
4886	0	3	17
4887	1	1	2
4888	0	6	0
4889	1	1	4
4890	0	2	1
4891	1	3	17
4892	1	2	12
4893	1	2	17
4894	1	3	7
4895	0	2	3
4896	1	3	6
4897	1	3	16
4898	1	2	1
4899	1	2	12
4900	1	2	20
4901	1	2	7
4902	1	3	14
4903	1	3	12
4904	1	5	15
4905	0	4	1
4906	1	5	17
4907	0	5	7
4908	1	3	15
4909	0	3	12
4910	1	1	12
4911	0	2	0
4912	0	5	20
4913	0	2	1
4914	0	2	1
4915	1	2	12
4916	1	1	20
4917	1	4	0
4918	0	1	12
4919	1	1	0
4920	1	3	1
4921	0	2	15
4922	1	1	17
4923	1	4	18
4924	0	3	0
4925	0	3	6
4926	1	0	10
4927	1	4	0
4928	0	2	3
4929	1	4	1
4930	1	5	17
4931	1	5	17
4932	1	2	7
4933	1	2	15
4934	0	2	0
4935	1	3	17
4936	0	1	4
4937	1	3	0
4938	0	1	4
4939	1	2	7
4940	0	5	11
4941	1	6	20
4942	1	4	12
4943	0	5	0
4944	1	5	17
4945	1	5	0
4946	0	3	1
4947	1	3	17
4948	1	4	2
4949	1	1	4
4950	1	2	16
4951	0	3	17
4952	0	2	14
4953	1	3	12
4954	1	4	0
4955	1	6	13
4956	1	3	15
4957	1	2	2
4958	1	1	7
4959	1	2	17
4960	1	6	1
4961	1	2	7
4962	1	2	6
4963	1	4	17
4964	1	3	0
4965	1	0	10
4966	1	5	14
4967	1	1	4
4968	0	5	20
4969	1	1	19
4970	0	2	12
4971	1	3	7
4972	1	3	0
4973	0	6	2
4974	1	3	20
4975	1	3	0
4976	1	2	11
4977	1	2	4
4978	1	3	14
4979	1	3	2
4980	1	2	1
4981	1	5	1
4982	1	2	12
4983	0	4	16
4984	1	3	0
4985	1	3	0
4986	1	1	12
4987	0	6	8
4988	1	2	17
4989	1	2	0
4990	0	2	4
4991	0	6	14
4992	0	2	2
4993	1	4	17
4994	1	4	17
4995	1	5	20
4996	1	3	7
4997	1	0	10
4998	0	1	4
4999	0	6	13
5000	1	2	4
5001	0	2	2
5002	1	2	17
5003	1	3	12
5004	0	6	1
5005	1	4	16
5006	1	3	3
5007	0	1	4
5008	1	2	20
5009	0	4	16
5010	1	4	15
5011	1	1	4
5012	1	5	15
5013	1	1	4
5014	1	4	0
5015	1	3	6
5016	0	3	1
5017	1	3	12
5018	0	6	12
5019	1	2	7
5020	0	6	13
5021	1	5	6
5022	1	3	7
5023	1	3	20
5024	0	4	1
5025	1	2	20
5026	1	2	17
5027	0	2	14
5028	1	2	12
5029	1	2	4
5030	1	1	1
5031	0	2	4
5032	1	1	17
5033	0	6	13
5034	0	2	15
5035	0	2	17
5036	1	3	7
5037	1	3	12
5038	1	2	20
5039	0	3	4
5040	1	4	12
5041	0	4	6
5042	0	1	2
5043	0	1	6
5044	0	3	6
5045	1	3	0
5046	1	2	16
5047	1	4	6
5048	0	3	7
5049	1	2	12
5050	0	1	4
5051	0	5	7
5052	1	3	16
5053	1	2	4
5054	1	3	2
5055	0	3	16
5056	1	4	1
5057	1	5	7
5058	1	6	17
5059	1	4	16
5060	1	4	17
5061	0	1	19
5062	1	5	16
5063	0	0	10
5064	1	1	4
5065	1	2	14
5066	0	2	1
5067	1	6	13
5068	1	3	7
5069	0	6	0
5070	1	2	2
5071	0	2	7
5072	1	4	17
5073	1	6	2
5074	1	0	0
5075	1	5	6
5076	1	2	3
5077	1	2	2
5078	1	4	7
5079	1	2	4
5080	0	5	12
5081	0	1	4
5082	1	3	1
5083	1	2	4
5084	1	1	4
5085	1	6	17
5086	1	2	1
5087	0	2	6
5088	1	2	17
5089	0	3	16
5090	0	3	19
5091	1	2	17
5092	1	6	14
5093	1	5	7
5094	1	1	10
5095	0	3	1
5096	1	2	11
5097	1	6	16
5098	1	5	7
5099	1	1	0
5100	1	5	6
5101	1	2	0
5102	1	2	12
5103	0	3	16
5104	1	3	20
5105	1	5	7
5106	0	3	1
5107	0	4	0
5108	0	2	9
5109	0	4	6
5110	1	3	15
5111	1	3	2
5112	1	3	13
5113	1	2	0
5114	0	0	10
5115	1	6	12
5116	1	3	6
5117	0	2	0
5118	1	0	10
5119	0	2	0
5120	1	5	7
5121	1	2	7
5122	1	2	0
5123	1	5	12
5124	1	3	2
5125	1	4	0
5126	1	2	11
5127	1	4	5
5128	1	5	7
5129	1	4	17
5130	0	5	1
5131	0	2	1
5132	1	3	7
5133	1	1	11
5134	1	2	17
5135	1	3	7
5136	1	2	12
5137	1	1	18
5138	1	2	17
5139	1	5	16
5140	1	2	6
5141	1	1	17
5142	1	2	1
5143	1	1	4
5144	0	5	0
5145	1	3	7
5146	1	6	1
5147	1	1	0
5148	1	2	20
5149	1	3	1
5150	1	2	3
5151	1	1	19
5152	0	2	4
5153	1	2	7
5154	1	2	16
5155	1	2	16
5156	1	1	14
5157	1	3	1
5158	0	1	4
5159	1	3	7
5160	0	1	4
5161	1	2	4
5162	1	2	17
5163	1	4	6
5164	0	3	17
5165	1	3	6
5166	1	5	6
5167	1	1	15
5168	1	3	7
5169	0	5	4
5170	1	1	4
5171	1	6	17
5172	0	3	11
5173	1	0	10
5174	1	4	1
5175	0	3	9
5176	1	0	10
5177	1	4	14
5178	1	5	0
5179	1	2	12
5180	1	3	11
5181	1	2	7
5182	0	3	7
5183	0	1	20
5184	1	1	20
5185	0	3	4
5186	1	3	12
5187	1	1	16
5188	0	3	9
5189	0	4	7
5190	0	3	0
5191	0	2	4
5192	1	2	7
5193	1	3	12
5194	1	2	7
5195	1	3	7
5196	1	6	7
5197	0	6	3
5198	0	1	4
5199	0	2	1
5200	0	3	15
5201	1	5	7
5202	1	1	4
5203	0	4	6
5204	1	5	13
5205	1	2	1
5206	1	3	7
5207	1	2	0
5208	1	2	4
5209	1	5	1
5210	0	3	17
5211	1	2	1
5212	1	1	2
5213	1	1	0
5214	0	3	9
5215	0	6	6
5216	1	1	2
5217	1	2	17
5218	1	1	0
5219	1	1	4
5220	1	2	7
5221	0	6	1
5222	1	2	12
5223	1	6	10
5224	1	3	1
5225	1	1	4
5226	1	3	0
5227	1	1	10
5228	1	0	0
5229	1	2	0
5230	1	2	12
5231	1	3	7
5232	1	2	4
5233	1	2	5
5234	0	2	0
5235	1	2	4
5236	1	2	14
5237	1	2	7
5238	0	5	16
5239	1	3	7
5240	0	2	0
5241	0	2	4
5242	1	2	1
5243	1	0	10
5244	1	1	4
5245	0	4	1
5246	0	1	0
5247	0	0	10
5248	0	4	14
5249	0	4	14
5250	1	5	6
5251	0	2	17
5252	1	2	20
5253	0	6	13
5254	1	1	4
5255	1	0	10
5256	1	2	16
5257	0	2	2
5258	1	3	4
5259	1	2	6
5260	1	3	7
5261	1	3	12
5262	0	2	14
5263	1	3	7
5264	1	1	4
5265	1	4	1
5266	1	3	1
5267	1	3	7
5268	0	2	2
5269	1	1	0
5270	1	2	12
5271	0	2	0
5272	1	2	7
5273	1	6	20
5274	1	2	0
5275	1	2	17
5276	0	2	4
5277	1	2	20
5278	0	2	7
5279	0	2	14
5280	1	1	4
5281	1	2	2
5282	0	1	4
5283	1	1	2
5284	1	2	16
5285	1	1	4
5286	1	4	16
5287	1	2	8
5288	1	6	13
5289	1	4	2
5290	0	1	4
5291	1	4	1
5292	1	2	0
5293	1	2	12
5294	1	2	2
5295	1	3	7
5296	0	0	0
5297	1	2	12
5298	1	3	17
5299	1	2	2
5300	1	2	20
5301	1	2	17
5302	0	0	10
5303	0	6	6
5304	0	3	9
5305	0	1	4
5306	0	2	17
5307	1	2	5
5308	1	6	7
5309	1	2	0
5310	0	6	1
5311	1	5	0
5312	1	2	1
5313	1	6	0
5314	0	2	0
5315	1	2	12
5316	1	1	4
5317	0	2	0
5318	1	1	17
5319	1	1	17
5320	0	1	5
5321	1	2	4
5322	1	3	17
5323	1	2	20
5324	1	2	7
5325	0	5	7
5326	1	2	2
5327	1	2	7
5328	0	2	4
5329	0	2	5
5330	0	2	0
5331	1	3	14
5332	1	1	4
5333	0	2	7
5334	0	6	13
5335	1	2	14
5336	1	6	7
5337	0	3	3
5338	1	2	17
5339	1	1	17
5340	0	5	3
5341	0	2	3
5342	0	3	7
5343	0	2	9
5344	0	5	1
5345	0	2	17
5346	0	2	3
5347	1	2	6
5348	1	1	5
5349	0	5	2
5350	1	1	5
5351	0	4	1
5352	0	3	5
5353	1	2	6
5354	0	4	3
5355	1	6	0
5356	1	4	0
5357	0	1	20
5358	1	3	7
5359	1	1	16
5360	1	1	12
5361	0	5	16
5362	1	3	13
5363	1	6	13
5364	0	2	3
5365	1	1	12
5366	1	1	12
5367	1	1	4
5368	0	2	17
5369	1	2	15
5370	1	2	12
5371	1	2	11
5372	1	2	4
5373	1	1	12
5374	1	3	7
5375	1	2	0
5376	1	2	17
5377	0	1	3
5378	1	3	18
5379	1	2	7
5380	1	1	4
5381	1	2	14
5382	1	1	4
5383	1	3	1
5384	0	2	3
5385	1	2	12
5386	1	2	14
5387	0	2	1
5388	0	1	4
5389	1	4	7
5390	1	0	0
5391	1	2	7
5392	1	5	1
5393	1	3	7
5394	1	1	0
5395	1	5	1
5396	1	2	6
5397	1	1	0
5398	1	6	17
5399	1	2	1
5400	0	1	4
5401	0	1	1
5402	0	2	0
5403	1	0	10
5404	1	2	0
5405	0	5	7
5406	0	3	0
5407	0	3	17
5408	1	2	20
5409	1	4	1
5410	0	4	2
5411	0	0	19
5412	1	2	12
5413	1	3	1
5414	1	0	10
5415	0	2	7
5416	0	2	5
5417	1	1	17
5418	0	2	0
5419	0	1	12
5420	0	0	19
5421	1	3	17
5422	1	5	7
5423	0	5	5
5424	0	3	2
5425	1	1	4
5426	1	2	14
5427	1	3	19
5428	0	2	6
5429	0	2	1
5430	0	4	1
5431	1	6	1
5432	1	6	13
5433	0	3	17
5434	0	2	7
5435	1	4	18
5436	1	1	4
5437	1	2	11
5438	1	2	14
5439	1	6	13
5440	0	4	2
5441	1	5	7
5442	1	2	7
5443	1	2	12
5444	0	1	4
5445	1	2	0
5446	0	5	1
5447	1	4	2
5448	1	4	19
5449	1	1	12
5450	1	1	12
5451	0	2	1
5452	1	3	6
5453	1	1	4
5454	1	3	7
5455	0	1	17
5456	1	3	1
5457	1	1	12
5458	0	1	2
5459	0	0	10
5460	1	1	4
5461	1	5	0
5462	1	2	17
5463	1	3	0
5464	1	3	7
5465	0	2	0
5466	1	2	12
5467	1	3	0
5468	1	2	12
5469	1	3	12
5470	1	6	7
5471	1	1	7
5472	1	3	1
5473	1	2	1
5474	1	2	12
5475	1	2	4
5476	0	3	0
5477	1	3	1
5478	1	3	7
5479	1	3	1
5480	0	2	14
5481	1	4	12
5482	1	1	7
5483	0	2	6
5484	1	4	17
5485	1	2	4
5486	1	2	0
5487	1	2	17
5488	1	2	15
5489	1	1	7
5490	1	4	17
5491	1	1	7
5492	1	1	4
5493	1	3	12
5494	0	3	17
5495	0	1	4
5496	1	2	7
5497	1	2	4
5498	0	5	1
5499	0	2	19
5500	0	3	20
5501	1	2	2
5502	1	2	2
5503	0	2	9
5504	1	4	7
5505	0	2	4
5506	0	1	14
5507	1	4	7
5508	1	2	20
5509	1	2	0
5510	1	1	4
5511	1	4	1
5512	0	2	17
5513	1	3	1
5514	0	0	10
5515	1	1	4
5516	0	5	16
5517	1	6	0
5518	1	5	17
5519	1	3	15
5520	1	4	1
5521	0	2	6
5522	1	2	14
5523	1	3	0
5524	0	0	10
5525	0	0	10
5526	0	3	2
5527	1	2	1
5528	1	5	1
5529	1	1	6
5530	0	1	4
5531	1	5	17
5532	1	2	17
5533	0	5	2
5534	1	4	16
5535	1	2	15
5536	1	2	16
5537	0	6	1
5538	1	4	12
5539	0	2	20
5540	1	3	1
5541	1	6	7
5542	1	4	7
5543	1	2	17
5544	1	2	15
5545	0	3	16
5546	1	1	14
5547	0	1	4
5548	0	1	4
5549	0	5	9
5550	1	3	15
5551	0	3	20
5552	1	5	7
5553	1	3	3
5554	1	2	1
5555	1	0	10
5556	1	4	6
5557	1	3	14
5558	1	0	10
5559	1	5	1
5560	0	3	17
5561	0	2	3
5562	0	3	1
5563	0	2	7
5564	1	4	20
5565	1	1	17
5566	1	3	7
5567	1	5	3
5568	1	1	4
5569	0	1	1
5570	1	2	1
5571	0	2	9
5572	0	2	4
5573	0	3	1
5574	1	2	0
5575	1	3	7
5576	1	2	4
5577	1	5	1
5578	0	1	1
5579	0	3	7
5580	1	4	7
5581	1	2	0
5582	1	4	1
5583	1	6	15
5584	0	5	0
5585	1	2	4
5586	1	3	20
5587	1	2	17
5588	0	2	20
5589	0	2	0
5590	0	4	12
5591	1	1	0
5592	1	2	1
5593	1	5	16
5594	0	4	0
5595	1	2	20
5596	1	3	12
5597	0	1	4
5598	1	1	4
5599	1	3	7
5600	0	4	0
5601	1	3	1
5602	1	3	0
5603	1	5	7
5604	1	3	15
5605	0	1	2
5606	0	2	14
5607	1	1	4
5608	1	1	3
5609	0	5	1
5610	0	2	1
5611	0	3	7
5612	0	2	1
5613	0	3	0
5614	1	2	0
5615	1	3	7
5616	1	4	1
5617	1	2	14
5618	0	1	4
5619	0	1	4
5620	1	3	14
5621	1	2	7
5622	1	3	15
5623	1	2	11
5624	1	2	7
5625	1	2	1
5626	1	6	16
5627	1	2	0
5628	1	1	4
5629	1	2	14
5630	1	3	17
5631	1	3	12
5632	0	1	4
5633	1	5	1
5634	1	2	14
5635	0	3	9
5636	1	2	7
5637	1	0	10
5638	1	1	1
5639	0	1	4
5640	1	3	17
5641	0	2	17
5642	1	0	10
5643	0	3	1
5644	0	1	4
5645	1	2	2
5646	1	1	4
5647	1	1	1
5648	1	2	17
5649	0	1	4
5650	0	3	12
5651	0	2	6
5652	1	1	0
5653	1	5	1
5654	1	2	4
5655	0	2	6
5656	1	2	15
5657	1	5	14
5658	1	6	0
5659	1	2	0
5660	1	2	2
5661	0	2	15
5662	1	0	10
5663	0	3	20
5664	1	1	4
5665	1	1	4
5666	1	1	16
5667	1	3	7
5668	0	2	3
5669	1	6	1
5670	1	1	4
5671	1	2	1
5672	0	2	4
5673	0	3	1
5674	1	3	7
5675	1	3	14
5676	1	2	20
5677	1	2	1
5678	1	3	17
5679	1	3	2
5680	1	5	20
5681	0	2	7
5682	1	1	0
5683	0	1	9
5684	1	1	16
5685	1	2	17
5686	1	6	16
5687	0	0	0
5688	0	1	4
5689	1	2	0
5690	1	1	4
5691	1	3	14
5692	0	2	7
5693	0	2	4
5694	0	2	12
5695	0	3	3
5696	0	2	14
5697	1	2	0
5698	1	3	14
5699	1	3	15
5700	0	1	14
5701	1	2	7
5702	1	1	0
5703	1	6	1
5704	0	1	4
5705	0	1	4
5706	1	1	17
5707	1	2	12
5708	1	3	1
5709	1	1	4
5710	1	2	15
5711	1	2	7
5712	1	3	1
5713	0	5	7
5714	1	3	2
5715	1	1	4
5716	1	0	10
5717	1	2	0
5718	0	3	14
5719	1	6	7
5720	1	2	0
5721	1	4	11
5722	1	2	20
5723	1	1	12
5724	1	2	15
5725	1	1	2
5726	1	2	1
5727	1	2	4
5728	0	3	20
5729	1	1	10
5730	1	1	0
5731	0	2	11
5732	0	2	11
5733	1	2	4
5734	0	2	14
5735	1	2	6
5736	1	2	1
5737	1	4	15
5738	1	2	12
5739	1	2	7
5740	1	2	1
5741	1	5	13
5742	0	2	12
5743	0	3	0
5744	0	2	4
5745	0	1	4
5746	1	1	15
5747	1	2	0
5748	1	2	0
5749	1	2	2
5750	1	1	1
5751	0	0	0
5752	0	6	0
5753	1	1	17
5754	0	1	1
5755	0	3	2
5756	0	0	10
5757	1	0	10
5758	0	5	1
5759	0	2	1
5760	1	1	12
5761	1	2	20
5762	0	3	6
5763	0	2	1
5764	0	5	12
5765	1	2	11
5766	1	6	14
5767	1	2	2
5768	0	0	7
5769	1	4	14
5770	1	2	0
5771	1	2	7
5772	1	3	7
5773	1	2	6
5774	1	1	4
5775	1	2	11
5776	1	1	12
5777	1	0	0
5778	1	3	12
5779	1	2	5
5780	1	1	17
5781	1	2	2
5782	0	3	0
5783	0	4	1
5784	1	1	10
5785	0	2	7
5786	1	2	6
5787	1	2	20
5788	1	2	0
5789	1	2	17
5790	0	3	0
5791	1	1	4
5792	1	2	17
5793	1	2	2
5794	1	3	17
5795	1	2	1
5796	0	2	7
5797	1	2	7
5798	1	3	0
5799	1	2	5
5800	1	3	18
5801	1	2	16
5802	0	2	0
5803	1	0	10
5804	0	3	7
5805	0	2	0
5806	0	5	1
5807	1	3	7
5808	0	2	7
5809	1	2	7
5810	1	5	16
5811	1	1	4
5812	0	2	7
5813	1	2	7
5814	1	2	0
5815	1	2	20
5816	1	2	0
5817	1	2	17
5818	1	2	4
5819	1	5	6
5820	1	4	0
5821	1	2	15
5822	0	3	4
5823	1	2	12
5824	1	1	12
5825	0	2	4
5826	1	1	4
5827	1	2	2
5828	1	2	17
5829	0	2	4
5830	0	1	4
5831	1	2	1
5832	0	2	0
5833	0	3	0
5834	1	6	16
5835	0	3	0
5836	1	2	0
5837	1	2	7
5838	0	4	7
5839	1	2	1
5840	0	0	0
5841	0	3	7
5842	1	2	4
5843	1	3	1
5844	0	0	10
5845	0	2	3
5846	1	4	16
5847	0	1	4
5848	1	5	20
5849	1	3	17
5850	0	2	7
5851	0	1	20
5852	0	2	1
5853	1	5	19
5854	1	4	7
5855	1	5	7
5856	0	2	7
5857	0	4	2
5858	1	2	4
5859	1	2	7
5860	0	2	4
5861	0	5	1
5862	0	2	9
5863	0	2	14
5864	0	5	1
5865	1	2	17
5866	0	2	6
5867	0	4	3
5868	1	3	14
5869	0	2	7
5870	1	2	14
5871	0	2	4
5872	1	2	17
5873	1	1	12
5874	1	2	4
5875	1	2	4
5876	1	5	7
5877	1	1	12
5878	0	2	0
5879	1	3	7
5880	1	2	1
5881	1	3	17
5882	1	3	7
5883	0	1	0
5884	1	1	4
5885	1	2	1
5886	1	2	20
5887	0	3	20
5888	1	2	20
5889	1	5	20
5890	1	3	20
5891	1	1	4
5892	1	4	2
5893	1	2	7
5894	1	3	0
5895	1	2	1
5896	1	2	0
5897	1	2	20
5898	0	1	0
5899	1	3	17
5900	1	2	7
5901	0	3	7
5902	1	5	16
5903	1	2	11
5904	0	4	12
5905	0	3	20
5906	0	1	4
5907	1	2	2
5908	1	2	4
5909	1	1	20
5910	0	4	20
5911	0	2	17
5912	1	2	1
5913	0	1	0
5914	1	3	2
5915	1	1	4
5916	1	5	20
5917	0	5	1
5918	1	2	12
5919	1	1	0
5920	0	2	1
5921	1	2	6
5922	1	6	3
5923	1	2	7
5924	1	3	0
5925	0	2	0
5926	0	5	7
5927	1	3	14
5928	1	4	1
5929	0	3	0
5930	0	3	17
5931	0	1	7
5932	1	1	14
5933	1	2	2
5934	1	2	14
5935	1	1	0
5936	1	1	4
5937	1	2	12
5938	1	2	1
5939	0	4	15
5940	1	5	12
5941	0	2	0
5942	1	4	1
5943	0	4	1
5944	0	1	10
5945	0	3	2
5946	0	6	1
5947	0	4	16
5948	1	6	13
5949	1	1	17
5950	1	2	4
5951	1	1	4
5952	0	4	1
5953	1	0	10
5954	1	4	11
5955	0	2	7
5956	0	1	4
5957	1	1	20
5958	1	4	14
5959	0	1	4
5960	0	4	0
5961	0	4	0
5962	1	3	7
5963	1	2	15
5964	1	1	5
5965	1	2	17
5966	0	3	9
5967	1	5	16
5968	1	6	7
5969	1	4	13
5970	1	3	11
5971	1	3	7
5972	0	2	20
5973	1	0	10
5974	0	2	1
5975	1	2	14
5976	0	2	1
5977	1	3	1
5978	1	3	1
5979	1	2	1
5980	1	6	1
5981	1	3	7
5982	1	3	1
5983	1	2	3
5984	1	2	1
5985	0	1	4
5986	0	6	1
5987	1	2	16
5988	1	2	15
5989	0	0	10
5990	0	2	20
5991	0	3	20
5992	0	1	4
5993	0	5	20
5994	1	3	1
5995	0	3	1
5996	0	2	0
5997	0	2	7
5998	1	1	4
5999	0	2	1
6000	1	4	17
6001	0	2	7
6002	1	5	0
6003	0	4	17
6004	0	2	15
6005	0	2	5
6006	0	0	0
6007	1	3	17
6008	1	1	4
6009	0	2	12
6010	1	3	0
6011	1	3	15
6012	1	3	15
6013	0	2	20
6014	1	4	1
6015	0	2	9
6016	1	4	1
6017	0	3	7
6018	1	3	1
6019	1	2	0
6020	1	5	16
6021	1	2	12
6022	1	2	17
6023	1	2	0
6024	1	2	12
6025	0	2	1
6026	1	3	6
6027	1	1	4
6028	1	1	4
6029	0	2	1
6030	1	2	17
6031	0	1	0
6032	1	4	7
6033	1	5	13
6034	1	2	14
6035	0	2	1
6036	0	2	15
6037	0	4	1
6038	0	6	1
6039	0	4	0
6040	1	2	6
